006486001008661 0.801 110 769 157 861
006486001008661 0.059 86.3 759.8 174.7 870.4
006486001008661 0.043 179.9 554.9 299.2 634.7
006486001008661 0.039 115.5 790.6 241.3 868.0
006486001008661 0.037 616.8 720.0 693.8 859.8
006486001008661 0.034 286.6 509.2 395.3 582.9
006486001008661 0.032 93.9 633.3 194.8 731.1
006486001008661 0.031 108.1 606.1 210.3 698.1
006486001008661 0.031 602.6 780.7 727.9 855.4
006486001008661 0.030 88.4 469.2 186.5 570.2
006486001008661 0.029 319.6 523.2 424.4 599.0
006486001008661 0.029 408.0 461.2 474.9 607.3
006486001008661 0.028 626.5 756.3 741.5 835.7
006486001008661 0.027 96.3 765.7 221.9 837.1
006486001008661 0.027 354.8 469.4 420.1 601.1
006486001008661 0.027 680.1 790.6 825.6 853.9
006486001008661 0.027 231.1 564.2 349.9 636.1
006486001008661 0.025 501.3 385.0 602.1 455.9
006486001008661 0.025 373.5 482.2 454.2 594.2
006486001008661 0.025 233.4 536.4 344.8 610.0
006486001008661 0.025 129.3 810.8 272.2 887.4
006486001008661 0.024 325.3 461.3 393.5 581.1
006486001008661 0.024 154.1 531.0 256.6 620.8
006486001008661 0.024 244.4 787.1 382.0 866.3
006486001008661 0.023 73.9 754.0 136.8 899.2
006486001008661 0.023 120.4 560.4 218.7 650.9
006486001008661 0.023 290.2 538.9 396.4 613.0
006486001008661 0.022 348.9 538.3 448.6 613.3
006486001008661 0.022 245.4 499.1 363.2 567.4
006486001008661 0.022 104.4 722.6 202.7 824.9
006486001008661 0.021 87.6 514.4 196.7 605.7
006486001008661 0.021 91.8 555.8 173.4 670.2
006486001008661 0.020 141.5 746.4 224.3 862.0
006486001008661 0.020 82.0 810.7 199.3 885.1
006486001008661 0.020 118.3 648.2 257.9 718.7
006493601008737 0.930 1191 496 1322 630
006493601008737 0.013 132.3 701.0 313.1 780.4
006493601008737 0.012 121.9 474.0 258.4 574.8
006497801008779 0.017 530.4 671.3 618.1 754.7
006497801008779 0.015 266.7 507.8 378.9 578.6
006497801008779 0.012 255.0 483.7 348.5 558.6
006497801008779 0.012 288.3 702.1 387.2 774.5
006497801008779 0.011 438.6 577.0 534.1 659.0
006497801008779 0.011 163.3 447.1 273.0 515.2
006497801008779 0.011 47.2 616.2 133.3 699.6
006497801008779 0.011 140.6 613.2 208.4 740.5
006497801008779 0.011 229.7 452.3 315.9 527.5
006497801008779 0.011 450.7 616.6 522.7 728.7
006497801008779 0.011 534.4 620.3 619.6 701.4
006497801008779 0.011 535.0 724.4 621.3 800.6
006504701028008 0.091 268.9 606.8 321.4 721.8
006504701028008 0.074 217.6 712.4 321.0 773.5
006504701028008 0.065 204.5 623.1 291.9 688.3
006504701028008 0.065 325.6 564.9 369.8 672.6
006504701028008 0.059 186.2 574.3 278.7 636.1
006504701028008 0.054 201.7 600.3 296.6 663.6
006504701028008 0.054 175.5 656.4 242.6 749.8
006504701028008 0.054 420.3 616.3 460.7 747.4
006504701028008 0.053 240.8 620.6 337.1 688.7
006504701028008 0.052 299.1 604.6 376.5 678.8
006504701028008 0.052 241.0 636.9 308.4 732.0
006504701028008 0.051 175.2 718.8 263.5 787.3
006504701028008 0.051 252.2 651.8 347.2 719.7
006504701028008 0.050 176.7 611.8 257.8 678.8
006504701028008 0.044 219.6 594.8 268.4 694.3
006504701028008 0.043 171.6 747.1 258.4 816.1
006504701028008 0.043 152.2 670.9 213.9 781.2
006504701028008 0.042 249.1 723.5 348.6 786.9
006504701028008 0.041 378.1 705.6 456.4 770.3
006504701028008 0.040 450.6 634.1 491.0 770.8
006504701028008 0.040 177.9 694.0 229.3 809.7
006504701028008 0.039 206.0 633.8 274.4 735.1
006504701028008 0.039 160.9 620.6 217.9 707.5
006504701028008 0.039 393.0 637.1 439.3 759.3
006504701028008 0.037 298.1 544.8 380.1 614.8
006504701028008 0.037 196.0 493.6 286.0 556.4
006504701028008 0.036 279.1 586.7 345.9 691.9
006504701028008 0.036 323.8 619.9 400.3 694.3
006504701028008 0.036 413.9 685.9 478.3 766.6
006504701028008 0.035 315.9 773.7 403.7 844.3
006504701028008 0.035 169.0 585.2 253.9 650.7
006504701028008 0.034 370.3 321.7 448.3 385.3
006504701028008 0.034 316.2 533.2 363.8 638.8
006504701028008 0.034 190.5 543.9 286.9 608.9
006504701028008 0.033 282.4 712.7 380.7 775.7
006504701028008 0.033 403.3 521.5 447.0 644.5
006504701028008 0.033 436.5 616.7 474.0 748.4
006504701028008 0.032 322.9 557.6 401.7 628.4
006504701028008 0.032 150.2 729.1 225.3 805.5
006516701028128 0.019 839.4 256.7 932.4 360.3
006516701028128 0.017 806.6 284.4 958.6 346.1
006516701028128 0.017 909.2 259.9 997.5 370.6
006516701028128 0.016 778.9 308.8 930.4 368.1
006516701028128 0.013 872.6 262.7 964.6 367.7
006516701028128 0.012 945.3 452.6 1024.8 582.2
006516701028128 0.010 810.1 273.6 899.8 374.2
006516701028128 0.010 838.8 324.2 984.4 387.8
006516701028128 0.010 716.5 275.4 833.9 358.1
006523601028197 0.042 346.7 516.6 405.6 633.5
006523601028197 0.033 327.5 632.4 420.3 709.2
006523601028197 0.027 258.8 435.2 350.9 497.8
006523601028197 0.026 290.8 619.8 387.1 697.9
006523601028197 0.024 332.6 592.8 418.9 667.1
006523601028197 0.022 303.9 581.0 402.5 650.1
006523601028197 0.021 267.1 511.1 373.5 593.2
006523601028197 0.021 338.4 558.2 433.5 694.1
006523601028197 0.020 357.1 604.8 450.4 684.2
006523601028197 0.020 303.5 480.2 366.6 586.0
006523601028197 0.020 326.3 537.5 423.0 609.9
006523601028197 0.020 108.0 583.1 182.9 678.0
006523601028197 0.019 321.4 505.8 413.9 578.0
006523601028197 0.018 117.2 649.8 221.8 716.5
006523601028197 0.018 367.3 551.5 457.7 630.8
006523601028197 0.018 84.8 593.0 150.3 690.6
006523601028197 0.018 258.8 648.2 362.4 717.0
006523601028197 0.018 150.2 613.7 230.4 700.0
006523601028197 0.018 331.4 564.7 420.4 638.1
006523601028197 0.018 207.9 435.8 302.4 504.0
006523601028197 0.016 325.5 556.3 384.6 681.3
006523601028197 0.016 399.2 464.5 460.2 568.5
006523601028197 0.015 235.3 419.3 328.2 485.3
006523601028197 0.015 132.3 673.8 215.6 756.0
006523601028197 0.014 369.8 508.9 432.1 614.7
006523601028197 0.014 256.6 492.0 361.5 564.1
006523601028197 0.014 247.8 526.1 319.1 658.7
006523601028197 0.013 384.7 571.7 475.4 657.9
006523601028197 0.013 246.6 620.0 352.0 697.8
006523601028197 0.013 424.0 508.2 492.6 625.5
006535401028315 0.018 659.8 487.8 754.4 594.3
006535401028315 0.016 219.0 360.8 315.2 472.6
006535401028315 0.014 268.1 374.4 369.3 476.6
006535401028315 0.010 48.9 752.6 125.8 877.7
006543701028398 0.019 746.2 789.6 835.9 906.2
006543701028398 0.016 688.1 812.9 834.8 886.6
006543701028398 0.012 669.8 601.1 797.1 682.6
006543701028398 0.010 777.7 800.4 866.2 926.5
006562401009425 0.015 682.7 425.2 788.7 567.5
006562401009425 0.011 137.8 576.4 257.0 701.3
006592101009722 0.023 1910.1 757.6 2126.9 836.2
006592101009722 0.018 1918.4 704.2 2107.6 820.4
006592101009722 0.013 1408.9 838.1 1737.7 891.8
006592101009722 0.013 1368.3 554.8 1492.3 676.0
006592101009722 0.011 1472.5 561.3 1606.6 670.8
006592101009722 0.011 1614.1 780.8 1810.6 865.9
006604301031446 0.011 546.0 756.2 661.6 887.4
006605501031458 0.013 546.6 414.9 655.9 547.0
006605501031458 0.012 140.1 539.9 261.2 672.6
006605501031458 0.011 205.5 725.0 414.5 792.6
006619401009995 0.023 1103.7 704.7 1260.9 777.1
006619401009995 0.016 1176.9 706.7 1334.6 777.2
006619401009995 0.015 467.2 881.3 638.7 948.4
006619401009995 0.015 488.4 815.9 584.8 960.2
006619401009995 0.013 1179.0 488.3 1286.3 591.8
006619401009995 0.013 1204.3 661.6 1305.1 767.2
006619401009995 0.012 460.2 721.7 580.6 825.4
006619401009995 0.012 509.8 720.6 611.0 846.3
006619401009995 0.012 444.4 399.9 532.9 534.4
006619401009995 0.011 1430.3 399.0 1603.4 472.9
006619401009995 0.010 485.0 898.7 693.5 968.3
006647401031877 0.012 232.0 735.4 362.0 802.2
006647401031877 0.011 73.8 747.1 215.5 817.6
006650601031909 0.029 558.5 538.7 666.2 612.1
006650601031909 0.024 663.7 515.9 746.4 616.9
006650601031909 0.023 562.2 567.0 664.0 645.1
006650601031909 0.022 440.0 466.4 498.7 598.2
006650601031909 0.022 549.6 606.2 655.4 681.0
006650601031909 0.020 541.8 506.1 624.2 612.3
006650601031909 0.019 628.2 675.0 747.9 743.5
006650601031909 0.019 413.3 511.0 502.4 586.7
006650601031909 0.018 718.8 813.0 795.6 923.3
006650601031909 0.018 787.7 675.0 908.3 744.2
006650601031909 0.018 689.4 549.4 789.0 631.1
006650601031909 0.018 681.7 475.1 749.5 590.5
006650601031909 0.018 668.9 592.1 766.2 669.5
006650601031909 0.016 665.0 562.8 759.0 642.0
006650601031909 0.016 514.1 528.0 587.6 641.1
006650601031909 0.016 690.7 672.6 798.6 748.2
006650601031909 0.015 598.4 579.0 700.2 655.7
006650601031909 0.015 425.9 537.3 519.7 613.7
006650601031909 0.015 601.3 690.7 725.1 763.2
006650601031909 0.015 523.7 619.0 628.5 694.3
006650601031909 0.014 460.1 536.0 553.5 617.1
006650601031909 0.014 552.7 533.3 616.3 661.0
006650601031909 0.014 624.8 550.5 729.0 626.2
006650601031909 0.014 528.1 590.9 624.6 666.4
006650601031909 0.014 542.5 636.5 661.8 714.6
006650601031909 0.014 418.0 453.0 492.6 556.8
006650601031909 0.014 391.3 494.2 478.0 570.0
006650601031909 0.014 569.7 442.2 674.0 514.9
006650601031909 0.014 553.9 499.4 664.0 571.9
006650601031909 0.013 390.2 532.6 483.4 613.5
006650601031909 0.013 911.2 525.0 1032.2 598.0
006650601031909 0.013 635.2 500.7 740.0 573.1
006650601031909 0.012 782.1 702.6 915.9 772.3
006650601031909 0.012 596.1 537.6 681.1 640.2
006651001031913 0.011 1017.8 715.7 1199.5 787.8
006651101031914 0.046 246.0 568.7 353.4 681.0
006651101031914 0.035 566.7 535.5 686.0 612.9
006651101031914 0.028 220.8 587.9 313.1 705.8
006651101031914 0.027 536.5 486.2 613.4 626.8
006651101031914 0.025 960.4 523.6 1087.4 597.8
006651101031914 0.025 558.8 508.8 692.3 671.6
006651101031914 0.025 131.7 471.7 258.4 546.0
006651101031914 0.024 414.7 445.2 552.0 516.6
006651101031914 0.024 206.6 558.9 354.6 627.5
006651101031914 0.023 339.1 546.1 465.8 649.0
006651101031914 0.023 430.3 395.5 525.7 497.4
006651101031914 0.022 198.4 501.0 293.0 608.0
006651101031914 0.022 816.5 660.4 942.3 734.4
006651101031914 0.022 523.6 396.6 605.0 512.4
006651101031914 0.020 131.1 442.9 256.2 516.4
006651101031914 0.020 698.4 549.5 831.1 625.9
006651101031914 0.020 868.7 539.1 953.7 658.9
006651101031914 0.020 440.6 552.1 523.1 675.8
006651101031914 0.020 435.3 493.6 553.7 577.4
006651101031914 0.020 762.5 722.1 907.1 795.8
006651101031914 0.019 166.0 694.2 340.5 766.4
006651101031914 0.019 559.8 564.6 670.0 636.7
006651101031914 0.019 782.2 647.6 911.7 722.0
006651101031914 0.019 364.5 396.9 518.6 460.2
006651101031914 0.018 833.5 707.6 922.0 811.5
006651101031914 0.018 517.0 593.7 637.7 671.2
006651101031914 0.018 452.2 458.2 583.8 532.7
006651101031914 0.018 487.4 498.2 570.7 619.9
006651101031914 0.018 960.8 481.5 1088.7 559.2
006651101031914 0.018 370.4 431.0 521.3 498.6
006651101031914 0.017 474.0 552.4 557.1 672.7
006651101031914 0.017 539.3 540.2 614.2 686.0
006651101031914 0.016 824.7 589.6 945.7 670.6
006651101031914 0.016 422.1 466.7 546.1 549.1
006651101031914 0.016 990.7 673.8 1126.3 747.6
006651101031914 0.016 386.0 580.1 524.5 655.5
006651101031914 0.016 100.3 434.4 197.2 535.9
006651101031914 0.016 156.8 576.2 312.8 637.8
006651101031914 0.015 407.1 647.8 552.9 722.1
006651101031914 0.015 526.9 658.5 654.8 738.8
006651101031914 0.015 866.6 658.2 988.6 735.2
006651101031914 0.015 252.1 501.4 335.3 630.1
006651101031914 0.015 944.1 660.9 1076.8 733.2
006651101031914 0.015 402.2 376.9 497.8 482.9
006651101031914 0.015 822.4 629.1 940.8 709.6
006651101031914 0.015 523.8 548.9 641.2 626.4
006651101031914 0.014 174.4 434.2 284.3 538.7
006651101031914 0.014 602.4 549.2 679.6 691.0
006651101031914 0.014 863.0 580.1 934.9 706.4
006651101031914 0.014 540.1 482.0 658.1 560.4
006674201032145 0.011 1030.8 488.1 1165.2 582.3
006696401032367 0.027 156.2 446.3 240.3 517.5
006696401032367 0.026 174.5 422.6 276.0 485.5
006696401032367 0.025 274.4 422.5 388.5 482.4
006696401032367 0.023 185.9 597.8 249.8 715.8
006696401032367 0.022 170.3 474.0 274.2 541.4
006696401032367 0.022 328.0 450.6 428.0 512.1
006696401032367 0.022 375.5 490.7 427.0 633.2
006696401032367 0.021 278.8 380.3 395.9 441.1
006696401032367 0.021 198.5 455.4 302.4 515.2
006696401032367 0.021 210.4 479.5 316.1 542.4
006696401032367 0.021 216.3 423.7 330.5 484.6
006696401032367 0.020 317.1 475.5 418.7 544.1
006696401032367 0.020 382.5 555.5 438.4 690.7
006696401032367 0.019 311.7 434.4 414.2 493.4
006696401032367 0.018 245.0 438.0 354.7 496.5
006696401032367 0.018 195.6 529.5 257.9 671.0
006696401032367 0.017 251.0 544.7 311.2 658.5
006696401032367 0.017 521.4 621.3 594.0 696.9
006696401032367 0.017 303.1 524.5 418.1 608.9
006696401032367 0.017 357.2 648.3 467.5 717.6
006696401032367 0.016 222.4 424.8 274.7 526.7
006696401032367 0.016 163.8 487.6 233.3 596.7
006696401032367 0.016 202.1 580.6 321.7 656.2
006696401032367 0.016 330.2 387.6 407.2 470.7
006696401032367 0.016 160.2 587.3 228.9 694.4
006696401032367 0.015 495.6 349.9 580.4 422.2
006696401032367 0.015 239.9 391.8 359.5 451.5
006696401032367 0.015 352.6 420.5 405.4 524.4
006696401032367 0.015 365.8 679.9 478.4 741.3
006696401032367 0.015 463.7 658.3 557.5 730.2
006696401032367 0.015 277.6 321.1 381.9 387.8
006696401032367 0.014 149.2 459.1 210.6 562.8
006696401032367 0.014 211.3 670.2 295.3 758.9
006696401032367 0.013 202.6 502.5 322.7 580.5
006696401032367 0.013 355.7 422.1 454.6 484.5
006696401032367 0.013 358.7 615.8 460.7 688.5
006696401032367 0.013 121.9 469.4 201.0 541.3
006696401032367 0.012 492.3 673.0 581.0 741.2
006696401032367 0.012 295.9 353.6 401.3 415.4
006696401032367 0.012 165.9 675.0 277.4 739.6
006701001032413 0.147 343.7 439.1 401.5 545.3
006701001032413 0.136 362.3 453.7 421.6 562.3
006701001032413 0.123 353.7 432.8 429.1 520.9
006701001032413 0.113 313.1 449.2 415.3 511.7
006701001032413 0.105 332.1 475.5 449.4 540.9
006701001032413 0.086 299.8 458.4 359.6 570.3
006701001032413 0.074 306.1 415.4 381.6 499.1
006701001032413 0.071 294.6 510.7 382.9 603.6
006701001032413 0.066 427.1 450.0 480.6 574.6
006701001032413 0.066 247.7 506.5 332.9 601.0
006701001032413 0.065 465.2 375.4 554.7 446.8
006701001032413 0.055 302.1 494.4 425.0 563.9
006701001032413 0.054 436.9 505.6 512.9 593.5
006701001032413 0.053 325.4 421.7 425.8 490.2
006701001032413 0.052 339.4 384.7 445.2 500.4
006701001032413 0.052 403.6 446.5 500.5 512.7
006701001032413 0.051 213.4 359.5 306.7 431.6
006701001032413 0.051 281.2 434.4 341.6 539.9
006701001032413 0.051 384.7 446.4 444.0 551.5
006701001032413 0.051 261.0 472.2 362.2 545.3
006701001032413 0.050 289.7 463.5 390.3 532.4
006701001032413 0.050 332.3 521.2 423.2 607.6
006701001032413 0.049 369.7 410.7 479.9 525.7
006701001032413 0.049 504.9 535.5 577.4 633.7
006701001032413 0.048 540.9 472.3 590.9 596.5
006701001032413 0.047 236.5 376.1 335.9 444.4
006701001032413 0.047 83.6 566.2 177.9 694.2
006703201032435 0.015 753.9 622.6 895.3 698.5
006703201032435 0.015 1080.3 579.2 1221.8 652.8
006703201032435 0.014 1145.3 578.5 1231.8 706.6
006703201032435 0.012 854.3 579.8 949.9 699.8
006703201032435 0.012 808.0 760.3 914.6 874.7
006703201032435 0.012 786.5 650.6 932.9 725.7
006703201032435 0.012 721.8 789.1 885.3 860.4
006703201032435 0.011 1042.3 620.1 1181.2 695.9
006703201032435 0.011 913.0 564.4 1011.5 681.2
006703201032435 0.011 750.8 748.0 890.8 846.2
006703201032435 0.011 1042.0 551.7 1184.1 628.2
006703201032435 0.011 870.5 613.5 1014.4 685.7
006703201032435 0.011 1078.9 608.2 1215.2 681.5
006703201032435 0.011 899.4 593.4 988.2 715.3
006703201032435 0.011 1112.7 628.1 1222.4 738.4
006703201032435 0.011 1129.2 540.6 1218.5 669.8
006703201032435 0.010 632.6 639.0 771.0 720.2
006705901032462 0.053 179.5 599.8 294.6 667.0
006705901032462 0.045 220.3 538.9 320.6 610.4
006705901032462 0.035 299.4 458.5 397.3 521.9
006705901032462 0.033 166.0 556.7 234.7 652.7
006705901032462 0.030 472.8 692.6 579.8 760.3
006705901032462 0.028 130.7 679.6 236.7 746.3
006705901032462 0.028 103.3 566.9 194.2 636.6
006705901032462 0.028 89.9 536.3 174.4 605.4
006705901032462 0.028 129.3 610.4 216.5 681.6
006705901032462 0.024 186.3 593.3 243.0 700.7
006705901032462 0.023 259.1 626.0 377.3 692.1
006705901032462 0.022 124.8 586.8 209.3 655.7
006705901032462 0.022 164.3 582.1 215.0 690.0
006705901032462 0.022 127.5 522.7 201.3 612.3
006705901032462 0.022 308.8 538.5 398.0 615.7
006705901032462 0.021 413.0 462.5 515.4 520.0
006705901032462 0.021 421.4 724.4 530.2 788.7
006705901032462 0.021 296.3 688.9 418.4 756.8
006705901032462 0.020 159.2 612.9 262.2 680.1
006705901032462 0.020 154.4 532.9 208.2 644.4
006705901032462 0.020 175.0 676.7 301.5 740.2
006705901032462 0.020 537.6 640.1 616.7 718.6
006705901032462 0.020 207.0 527.9 259.1 636.8
006705901032462 0.019 400.7 553.3 508.3 617.5
006705901032462 0.019 121.6 532.3 175.7 642.4
006705901032462 0.019 407.0 640.7 529.9 703.3
006705901032462 0.019 105.3 654.5 192.7 723.0
006705901032462 0.018 444.8 437.3 501.4 528.1
006705901032462 0.018 291.7 438.2 383.6 498.3
006705901032462 0.018 142.1 637.3 218.8 730.2
006705901032462 0.018 271.3 675.6 394.4 738.7
006705901032462 0.018 215.0 497.1 310.2 592.6
006705901032462 0.018 549.7 615.8 626.5 695.4
006705901032462 0.017 322.6 631.2 447.0 697.8
006705901032462 0.017 173.7 571.6 269.5 635.4
006705901032462 0.017 359.3 525.9 438.5 620.1
006705901032462 0.016 243.0 595.1 358.2 663.1
006705901032462 0.016 105.6 625.4 195.0 698.4
006705901032462 0.016 405.4 586.8 520.3 654.4
006705901032462 0.016 298.1 553.0 353.6 673.7
006705901032462 0.016 205.8 577.9 264.4 683.9
006705901032462 0.016 189.5 410.3 289.7 478.2
006705901032462 0.016 213.3 567.8 326.3 636.6
006705901032462 0.016 137.3 546.5 189.6 659.7
006715401010955 0.056 331.0 671.5 455.5 737.0
006715401010955 0.041 89.7 647.7 180.8 726.8
006715401010955 0.035 413.2 514.6 479.2 627.3
006715401010955 0.031 307.3 423.2 411.5 485.1
006715401010955 0.031 352.8 596.1 432.4 688.3
006715401010955 0.029 96.5 618.2 187.3 700.4
006715401010955 0.029 304.1 654.4 411.8 719.6
006715401010955 0.029 210.4 584.3 298.9 659.9
006715401010955 0.028 179.6 583.5 234.9 700.6
006715401010955 0.028 128.5 651.3 223.7 726.6
006715401010955 0.027 297.5 393.9 404.7 459.4
006715401010955 0.027 342.5 383.2 451.1 440.8
006715401010955 0.027 130.1 678.4 220.0 754.5
006715401010955 0.026 396.5 573.3 477.2 666.5
006715401010955 0.026 58.9 564.6 126.7 681.8
006715401010955 0.025 173.7 581.2 264.0 657.3
006715401010955 0.025 89.6 592.0 148.7 718.5
006715401010955 0.024 271.0 675.5 371.6 749.2
006715401010955 0.024 348.8 414.2 434.6 493.8
006715401010955 0.024 221.0 702.6 331.8 772.3
006715401010955 0.024 132.4 526.8 219.4 599.8
006715401010955 0.023 334.7 616.9 414.8 706.0
006715401010955 0.023 189.2 558.6 280.9 631.7
006715401010955 0.023 271.2 418.2 375.0 483.4
006715401010955 0.022 289.8 607.6 391.7 681.5
006715401010955 0.022 348.8 512.0 423.8 616.1
006715401010955 0.022 181.2 697.6 281.5 778.1
006715401010955 0.022 314.6 549.1 392.5 647.2
006715401010955 0.022 387.6 504.8 457.1 613.6
006715401010955 0.021 498.8 521.4 594.9 599.5
006715401010955 0.021 88.2 554.0 174.3 633.5
006715401010955 0.021 317.4 369.5 382.7 473.2
006715401010955 0.021 387.3 806.6 508.9 874.3
006715401010955 0.021 115.1 701.2 202.1 780.0
006715401010955 0.021 484.1 370.3 556.0 463.4
006715401010955 0.021 443.0 358.3 509.6 448.4
006715401010955 0.020 360.3 547.2 466.0 624.5
006715401010955 0.020 274.2 551.5 371.4 626.5
006715401010955 0.020 139.3 501.9 232.5 574.2
006715401010955 0.020 233.4 677.0 333.3 749.2
006715401010955 0.020 351.6 640.8 463.6 709.1
006715401010955 0.020 133.2 620.9 219.6 698.6
006715401010955 0.019 73.1 618.9 128.3 741.3
006715401010955 0.019 263.0 649.4 356.8 724.5
006728001032683 0.012 560.4 527.3 669.4 666.3
006728001032683 0.012 1370.6 436.0 1471.5 572.8
006771601033119 0.017 1351.3 780.5 1528.1 847.8
006771601033119 0.016 1337.6 766.7 1452.9 867.7
006771601033119 0.014 893.3 693.4 1065.0 763.0
006771601033119 0.013 1301.3 745.6 1414.3 852.0
006771601033119 0.012 1465.5 766.3 1634.9 841.4
006771601033119 0.012 942.7 665.8 1106.3 740.4
006771601033119 0.011 925.8 759.2 1027.8 887.6
006771601033119 0.010 1033.4 676.9 1187.2 751.7
006771601033119 0.010 908.9 539.5 1073.2 613.9
006836901033772 0.014 466.1 452.8 601.3 531.3
006836901033772 0.013 500.0 721.6 663.6 787.8
006836901033772 0.012 579.1 693.1 724.2 758.7
006836901033772 0.011 577.2 456.0 669.8 578.4
006836901033772 0.011 521.6 426.9 614.1 544.7
006836901033772 0.010 215.9 603.1 358.5 682.4
006837301033776 0.028 361.8 714.6 441.6 819.7
006837301033776 0.024 569.1 646.8 682.3 714.0
006837301033776 0.023 47.1 681.3 168.6 762.6
006837301033776 0.022 199.7 409.6 292.9 487.0
006837301033776 0.017 220.4 422.6 314.0 507.0
006837301033776 0.017 513.7 702.0 580.6 810.7
006837301033776 0.016 130.9 355.2 242.5 426.4
006837301033776 0.016 76.1 346.0 187.9 416.3
006837301033776 0.016 171.6 389.3 255.8 477.2
006837301033776 0.016 521.6 766.3 588.2 880.0
006837301033776 0.016 54.1 360.5 160.9 429.7
006837301033776 0.014 198.6 455.5 292.4 533.0
006837301033776 0.013 101.3 677.2 192.6 767.8
006837301033776 0.013 290.0 500.5 387.5 569.3
006837301033776 0.013 162.2 472.2 267.9 537.3
006837301033776 0.012 218.4 384.5 313.7 463.3
006837301033776 0.012 93.5 328.1 201.8 393.9
006837301033776 0.012 140.4 471.1 228.1 569.0
006837301033776 0.012 534.4 703.6 634.7 779.5
006837301033776 0.012 531.7 794.6 637.0 864.4
006837301033776 0.012 167.2 441.5 273.6 508.1
006837301033776 0.011 119.4 382.2 207.8 471.2
006837301033776 0.011 256.1 450.7 318.8 577.7
006837301033776 0.011 28.8 426.8 145.4 496.5
006837301033776 0.011 127.9 560.9 197.8 667.3
006837301033776 0.011 249.6 781.1 354.5 860.8
006837301033776 0.011 138.5 611.4 241.1 685.7
006837301033776 0.010 -8.0 716.8 99.1 796.5
006837301033776 0.010 52.7 394.5 164.1 461.7
006837301033776 0.010 536.0 712.4 600.8 828.7
006837301033776 0.010 518.6 655.3 594.3 776.0
006837301033776 0.010 611.0 599.9 714.8 665.4
006847401033877 0.016 297.5 668.2 461.8 737.8
006847401033877 0.016 322.0 745.0 490.2 812.7
006847401033877 0.015 488.6 592.7 574.0 711.3
006847401033877 0.014 170.1 656.1 264.7 768.1
006847401033877 0.014 803.1 783.2 983.2 852.8
006847401033877 0.014 476.9 630.7 557.8 750.8
006847401033877 0.014 943.4 591.4 1024.0 714.3
006847401033877 0.013 300.3 718.8 462.8 787.2
006847401033877 0.013 505.7 503.2 594.2 620.1
006847401033877 0.013 373.2 732.3 520.8 799.8
006847401033877 0.013 1024.9 583.7 1118.2 690.9
006847401033877 0.012 441.7 609.0 517.9 734.3
006847401033877 0.012 202.6 559.3 307.5 647.8
006847401033877 0.012 469.5 564.7 557.7 676.0
006847401033877 0.012 506.6 628.2 589.9 749.1
006847401033877 0.011 354.6 711.5 458.7 826.0
006847401033877 0.011 454.1 652.0 578.8 723.1
006847401033877 0.011 975.0 589.6 1056.5 699.9
006847401033877 0.011 164.3 626.6 303.8 698.6
006847401033877 0.011 1150.5 523.1 1221.2 653.7
006847401033877 0.011 199.9 503.5 290.5 615.6
006847401033877 0.011 401.9 624.0 525.2 694.7
006847401033877 0.011 669.0 727.4 778.9 806.6
006847401033877 0.010 991.3 551.7 1116.5 631.8
006847401033877 0.010 473.6 731.3 597.2 802.6
006847401033877 0.010 406.5 614.0 485.1 749.0
006847401033877 0.010 459.4 510.4 544.3 625.2
006848801033891 0.023 526.1 526.2 579.0 649.8
006848801033891 0.022 413.8 565.0 493.1 638.6
006848801033891 0.021 449.3 621.4 534.0 690.3
006848801033891 0.020 476.6 523.5 527.4 650.2
006848801033891 0.019 551.5 533.4 601.4 659.0
006848801033891 0.019 451.0 548.4 501.6 667.8
006848801033891 0.019 502.9 507.0 554.6 634.3
006848801033891 0.018 493.7 471.0 573.4 546.1
006848801033891 0.018 527.1 471.7 581.5 597.6
006848801033891 0.017 426.4 448.4 519.9 514.2
006848801033891 0.017 462.4 581.8 547.6 652.1
006848801033891 0.017 332.5 542.1 384.2 660.5
006848801033891 0.016 498.9 608.6 585.0 678.9
006848801033891 0.016 429.2 413.6 486.7 511.8
006848801033891 0.015 450.5 555.2 532.8 626.4
006848801033891 0.015 458.5 421.5 514.7 528.3
006848801033891 0.015 300.8 576.4 377.7 651.1
006848801033891 0.015 483.8 415.3 539.2 518.4
006848801033891 0.014 409.6 506.6 466.0 611.8
006848801033891 0.014 264.9 531.3 342.6 615.0
006848801033891 0.014 470.0 472.0 532.7 573.0
006848801033891 0.014 427.7 637.2 519.5 704.7
006848801033891 0.014 511.3 580.2 598.3 652.8
006848801033891 0.014 265.0 448.4 365.1 512.4
006848801033891 0.014 446.8 653.0 535.1 721.2
006848801033891 0.014 309.0 434.3 412.0 495.5
006848801033891 0.014 386.7 637.6 482.4 703.0
006848801033891 0.013 411.6 562.8 460.9 684.9
006848801033891 0.013 437.3 439.1 493.3 545.4
006848801033891 0.013 309.4 631.4 406.0 703.0
006848801033891 0.013 348.9 525.8 403.2 645.1
006848801033891 0.012 314.3 597.6 393.4 671.8
006848801033891 0.012 376.5 572.4 471.8 711.9
006848801033891 0.012 434.1 591.6 500.9 694.5
006848801033891 0.012 449.5 505.8 501.2 617.1
006848801033891 0.012 394.0 518.1 446.4 634.9
006904801034451 0.023 1404.7 775.5 1516.6 909.0
006904801034451 0.012 1444.9 772.6 1564.8 901.9
006904801034451 0.010 1555.1 667.2 1707.3 779.7
006928501034688 0.054 185.5 538.4 272.5 610.4
006928501034688 0.053 407.4 392.4 505.6 459.4
006928501034688 0.048 119.9 417.0 204.3 489.6
006928501034688 0.048 176.5 663.4 261.0 737.4
006928501034688 0.047 176.9 514.2 230.6 622.0
006928501034688 0.042 173.9 624.7 258.9 693.5
006928501034688 0.041 209.9 489.2 300.2 558.5
006928501034688 0.039 451.8 456.1 504.8 566.9
006928501034688 0.039 150.8 500.8 227.8 571.1
006928501034688 0.036 397.2 461.4 481.8 525.8
006928501034688 0.033 60.6 648.9 130.8 739.4
006928501034688 0.032 221.9 626.4 295.3 718.9
006928501034688 0.032 141.8 472.3 219.8 544.7
006928501034688 0.031 410.1 440.1 466.0 550.2
006928501034688 0.031 193.4 568.1 282.9 640.8
006928501034688 0.031 134.3 498.5 183.6 620.1
006928501034688 0.031 360.6 448.0 456.0 510.6
006928501034688 0.031 368.1 386.9 468.5 455.7
006928501034688 0.030 431.7 409.0 534.6 467.5
006928501034688 0.030 197.5 512.9 281.0 589.3
006928501034688 0.029 417.9 609.1 474.9 714.6
006928501034688 0.029 168.1 688.7 252.7 765.2
006928501034688 0.029 206.9 377.3 301.0 445.2
006928501034688 0.028 183.4 582.9 282.0 704.1
006928501034688 0.028 437.8 530.7 490.7 641.7
006928501034688 0.028 452.8 604.0 508.0 715.1
006928501034688 0.028 434.5 435.3 490.4 545.5
006928501034688 0.027 169.5 593.3 235.5 682.5
006928501034688 0.027 378.1 534.7 474.7 658.3
006928501034688 0.026 401.7 569.8 488.5 638.4
006928501034688 0.026 109.1 689.9 192.5 768.1
006928501034688 0.026 171.2 475.2 258.6 543.2
006928501034688 0.026 388.8 405.0 464.2 494.8
006928501034688 0.025 410.8 419.9 505.7 484.1
006928501034688 0.025 214.9 584.1 300.8 657.9
006928501034688 0.025 447.5 566.7 514.3 666.3
006928501034688 0.025 169.1 555.9 254.2 628.6
006928501034688 0.024 136.6 445.6 222.4 513.2
006928501034688 0.024 116.1 586.7 195.1 668.3
006928501034688 0.024 55.1 398.6 136.6 481.1
006928501034688 0.024 246.7 541.6 336.4 612.4
006934601034749 0.022 883.6 500.6 992.5 575.7
006934601034749 0.019 872.1 714.9 1002.8 791.8
006934601034749 0.015 914.3 452.5 1002.7 566.1
006934601034749 0.015 720.2 675.4 893.5 745.4
006934601034749 0.015 863.3 527.7 986.9 603.0
006934601034749 0.014 844.9 486.6 972.1 557.2
006934601034749 0.013 679.1 724.7 858.8 784.7
006934601034749 0.013 682.2 696.7 861.2 760.9
006934601034749 0.012 674.6 545.2 775.5 633.0
006934601034749 0.012 749.0 764.5 910.8 830.7
006934601034749 0.012 939.0 484.7 1006.5 613.3
006934601034749 0.012 863.9 349.2 964.3 454.8
006934601034749 0.011 790.6 398.0 900.4 485.0
006934601034749 0.011 856.1 664.3 987.2 748.4
006934601034749 0.011 844.5 460.6 975.0 527.2
006934601034749 0.011 525.2 770.5 643.4 850.9
006934601034749 0.011 702.1 376.0 823.3 446.7
006934601034749 0.010 732.8 708.1 909.1 774.9
006934601034749 0.010 807.3 390.3 944.7 461.8
006934601034749 0.010 875.8 454.4 955.7 569.9
006934601034749 0.010 550.6 728.4 659.1 809.9
006945401034857 0.019 629.0 790.7 745.8 921.3
006945401034857 0.016 686.0 886.8 915.4 952.0
006945401034857 0.013 795.2 850.3 936.6 952.0
006945401034857 0.011 622.8 878.9 824.9 950.8
006945401034857 0.011 967.4 755.0 1083.4 901.3
006946101034864 0.024 243.7 810.1 366.6 885.0
006946101034864 0.022 243.3 838.2 378.6 918.0
006946101034864 0.021 200.2 824.7 332.2 896.6
006946101034864 0.019 242.3 763.9 345.3 868.6
006946101034864 0.019 135.3 634.1 228.0 745.8
006946101034864 0.019 157.0 614.0 285.7 681.4
006946101034864 0.018 205.0 592.7 295.8 706.1
006946101034864 0.018 309.0 798.4 448.8 877.6
006946101034864 0.018 237.9 794.5 321.7 913.6
006946101034864 0.017 62.8 697.4 142.3 820.9
006946101034864 0.017 148.5 540.5 247.4 643.1
006946101034864 0.017 133.3 667.5 294.0 741.3
006946101034864 0.016 285.4 799.2 392.6 912.5
006946101034864 0.016 187.6 749.4 323.4 831.3
006946101034864 0.016 314.1 692.6 435.6 769.1
006946101034864 0.014 230.4 606.6 323.8 721.4
006946101034864 0.013 213.0 655.3 309.0 764.3
006946101034864 0.013 190.5 782.7 323.9 857.5
006946101034864 0.013 187.7 536.9 281.7 640.0
006946101034864 0.012 176.9 575.3 260.5 693.2
006946101034864 0.012 -47.0 668.8 98.9 755.3
006946101034864 0.012 294.4 585.6 415.6 660.1
006946101034864 0.012 284.8 750.4 366.4 887.4
006946101034864 0.012 244.4 611.2 375.1 684.5
006946101034864 0.011 197.1 487.9 322.4 562.2
006946101034864 0.011 119.5 598.5 223.5 695.1
006946101034864 0.010 310.5 613.0 397.4 722.9
006946101034864 0.010 99.3 710.2 196.6 829.2
006948201034885 0.011 412.1 794.8 525.9 924.0
006970801035111 0.025 1323.0 659.6 1506.7 733.8
006970801035111 0.024 1206.8 679.3 1307.7 815.4
006970801035111 0.021 1446.5 727.1 1547.2 864.5
006970801035111 0.017 1488.7 734.5 1584.9 868.6
006970801035111 0.017 1341.8 608.5 1486.9 717.1
006970801035111 0.015 1464.1 383.8 1631.7 454.0
006970801035111 0.015 1108.2 554.1 1217.5 676.4
006970801035111 0.013 406.2 680.9 582.7 752.5
006970801035111 0.013 1411.9 619.6 1519.6 751.7
006970801035111 0.012 1157.7 574.4 1254.1 709.5
006970801035111 0.012 410.3 647.9 584.7 723.6
006970801035111 0.012 1245.6 695.9 1361.5 823.9
006970801035111 0.012 1193.1 531.4 1301.2 658.5
006970801035111 0.012 1198.7 480.0 1361.5 557.7
006970801035111 0.012 1173.3 720.2 1340.3 797.0
006970801035111 0.011 1507.9 321.0 1621.3 445.2
006970801035111 0.011 1165.8 668.5 1262.9 804.4
006970801035111 0.011 1169.4 399.3 1314.6 477.3
006970801035111 0.011 325.5 409.5 437.0 522.2
006970801035111 0.011 1212.8 593.7 1378.7 669.4
006970801035111 0.011 472.5 659.1 612.5 759.5
006970801035111 0.011 838.0 588.3 976.5 688.1
006970801035111 0.010 1018.5 570.1 1199.4 638.1
006970801035111 0.010 983.4 577.5 1107.1 680.7
006970801035111 0.010 1384.4 279.5 1530.4 377.7
006977301035176 0.068 313.1 563.1 405.3 633.2
006977301035176 0.058 189.0 395.2 282.3 457.3
006977301035176 0.055 328.4 417.0 410.2 495.5
006977301035176 0.049 161.9 554.9 214.2 661.6
006977301035176 0.047 290.7 448.2 387.9 521.3
006977301035176 0.044 364.4 487.8 438.6 579.3
006977301035176 0.044 289.0 696.6 398.4 757.0
006977301035176 0.042 165.8 544.5 259.6 608.4
006977301035176 0.039 261.4 419.6 359.0 485.6
006977301035176 0.039 300.8 536.3 399.9 607.1
006977301035176 0.038 370.6 529.8 468.8 599.5
006977301035176 0.038 174.8 591.3 249.1 674.5
006977301035176 0.037 213.5 406.9 316.9 459.9
006977301035176 0.037 340.3 515.8 416.5 606.2
006977301035176 0.037 366.4 591.0 434.9 693.1
006977301035176 0.036 323.0 515.9 381.8 629.5
006977301035176 0.036 186.8 556.1 281.3 626.1
006977301035176 0.036 234.9 445.6 343.9 517.0
006977301035176 0.034 124.5 566.4 234.5 686.4
006977301035176 0.033 284.0 640.1 398.2 700.3
006977301035176 0.032 143.9 532.0 247.1 651.5
006977301035176 0.032 153.3 518.1 245.4 587.5
006977301035176 0.032 360.6 574.9 478.1 641.4
006977301035176 0.031 175.7 416.5 278.0 485.2
006977301035176 0.031 222.7 531.1 316.4 595.2
006977301035176 0.030 303.3 556.0 356.5 680.5
006977301035176 0.029 345.4 395.5 422.5 469.5
006977301035176 0.029 292.2 576.5 385.3 651.5
006977301035176 0.029 259.9 709.3 373.5 771.9
006977301035176 0.028 448.5 510.1 508.6 612.5
006977301035176 0.028 336.5 460.9 403.6 564.0
006988101035284 0.015 702.9 331.5 841.3 400.4
006988101035284 0.014 568.7 530.0 648.3 672.5
006988101035284 0.013 677.8 524.7 761.4 653.3
006988101035284 0.012 1131.6 540.4 1210.2 671.2
006988101035284 0.012 829.7 678.9 915.6 810.5
006988101035284 0.012 676.4 557.9 814.4 629.0
006988101035284 0.012 819.2 718.3 968.6 791.1
006988101035284 0.011 820.1 486.2 920.2 591.7
006999301030098 0.102 339.1 412.2 397.9 518.1
006999301030098 0.064 162.1 503.2 272.3 580.4
006999301030098 0.063 368.9 400.1 432.4 498.0
006999301030098 0.050 327.1 393.5 446.6 450.9
006999301030098 0.042 314.3 427.3 379.5 532.1
006999301030098 0.040 146.1 648.2 210.7 767.5
006999301030098 0.040 360.5 418.5 418.0 532.6
006999301030098 0.039 167.2 533.9 274.9 607.3
006999301030098 0.039 141.8 546.1 232.5 647.8
006999301030098 0.038 285.7 580.7 361.1 685.0
006999301030098 0.038 181.0 453.5 278.1 536.0
006999301030098 0.037 141.6 701.6 253.4 774.2
006999301030098 0.036 465.0 720.2 530.2 837.6
006999301030098 0.036 319.0 408.9 424.7 471.1
006999301030098 0.035 235.8 611.0 350.0 681.7
006999301030098 0.035 154.0 479.2 243.3 558.8
006999301030098 0.032 135.7 447.8 260.5 509.3
006999301030098 0.032 200.1 508.8 316.6 581.0
006999301030098 0.030 135.2 520.4 239.1 594.2
006999301030098 0.030 193.7 439.3 320.2 499.1
006999301030098 0.026 463.2 744.6 578.4 816.7
006999301030098 0.026 98.3 545.8 202.2 622.7
006999301030098 0.026 202.0 540.0 321.2 610.5
006999301030098 0.026 126.9 644.7 182.9 767.9
006999301030098 0.023 271.4 550.4 340.3 669.5
007030201030421 0.024 892.8 617.1 1004.4 694.6
007030201030421 0.018 1015.8 577.2 1146.3 652.6
007030201030421 0.017 795.4 508.0 930.2 581.0
007030201030421 0.014 849.4 541.2 966.7 611.9
007030201030421 0.014 786.4 708.4 949.5 774.1
007030201030421 0.013 601.0 541.8 669.1 674.6
007030201030421 0.013 846.9 608.6 961.9 685.4
007030201030421 0.013 856.4 632.0 977.0 710.0
007030201030421 0.013 602.5 616.8 728.6 700.2
007030201030421 0.013 760.8 495.2 899.2 564.8
007030201030421 0.012 563.6 604.0 695.0 683.7
007030201030421 0.012 602.9 537.7 720.5 613.4
007030201030421 0.012 721.9 674.6 875.3 744.0
007030201030421 0.011 569.5 486.8 646.5 607.2
007030201030421 0.011 867.0 485.0 950.8 600.4
007030201030421 0.011 503.0 564.2 631.5 641.5
007030201030421 0.011 880.6 592.1 988.5 668.4
007030201030421 0.010 875.0 704.6 1024.3 774.6
007030201030421 0.010 684.8 661.9 830.1 733.7
007055901030697 0.094 345.5 405.4 442.1 470.9
007055901030697 0.084 230.7 405.3 320.0 467.6
007055901030697 0.084 374.7 414.8 462.7 485.4
007055901030697 0.078 317.6 428.1 411.7 494.7
007055901030697 0.070 213.4 419.6 304.4 485.3
007055901030697 0.069 304.2 410.3 398.6 473.0
007055901030697 0.066 259.2 395.4 357.5 454.6
007055901030697 0.061 412.6 475.5 471.7 583.2
007055901030697 0.059 247.7 421.4 336.4 482.5
007055901030697 0.058 328.0 413.8 428.4 535.3
007055901030697 0.056 341.9 691.4 466.6 757.5
007055901030697 0.053 264.4 393.1 317.2 492.1
007055901030697 0.050 388.3 674.0 509.5 745.7
007055901030697 0.050 256.8 439.9 346.2 502.8
007055901030697 0.050 385.1 395.9 483.1 457.5
007055901030697 0.048 85.1 553.0 177.8 623.2
007055901030697 0.048 195.6 391.8 301.6 450.1
007055901030697 0.048 86.4 567.0 152.3 659.8
007055901030697 0.047 360.3 439.0 448.0 514.0
007055901030697 0.046 358.1 403.8 415.5 506.7
007055901030697 0.046 89.5 391.7 191.3 453.4
007055901030697 0.045 274.8 403.8 372.1 518.7
007055901030697 0.043 398.5 436.5 466.3 532.2
007055901030697 0.041 175.1 418.5 272.3 485.8
007055901030697 0.040 493.4 544.8 541.5 660.9
007055901030697 0.040 67.0 773.5 152.0 841.9
007055901030697 0.039 319.1 384.2 430.0 440.6
007055901030697 0.038 74.0 519.2 122.3 649.2
007067601030820 0.039 181.2 481.4 227.9 603.0
007067601030820 0.033 156.1 483.4 213.2 589.6
007067601030820 0.028 231.1 677.8 327.5 745.2
007067601030820 0.027 221.9 423.8 327.7 482.3
007067601030820 0.021 146.4 645.9 238.4 722.6
007067601030820 0.021 261.3 649.3 343.0 717.6
007067601030820 0.021 126.0 442.5 184.3 550.2
007067601030820 0.021 199.0 446.5 290.4 515.0
007067601030820 0.021 192.9 469.2 273.6 541.5
007067601030820 0.019 119.9 532.8 189.5 613.4
007067601030820 0.018 189.9 460.6 238.8 572.1
007067601030820 0.017 142.7 431.9 226.3 501.3
007067601030820 0.017 157.9 470.7 230.9 541.6
007067601030820 0.017 162.9 520.4 211.5 645.6
007067601030820 0.016 146.8 496.4 192.2 621.6
007067601030820 0.016 299.2 570.5 351.7 697.1
007067601030820 0.016 181.6 410.2 285.8 468.4
007067601030820 0.015 219.8 487.9 315.4 573.5
007067601030820 0.015 281.5 448.8 335.8 558.5
007067601030820 0.015 128.5 566.9 198.9 646.4
007067601030820 0.015 157.7 418.1 246.7 483.4
007067601030820 0.014 119.3 641.3 196.3 721.3
007067601030820 0.014 198.2 503.1 282.3 603.5
007067601030820 0.014 421.9 653.7 493.1 750.0
007067601030820 0.013 263.3 425.4 321.7 530.2
007067601030820 0.013 360.1 590.6 416.6 705.1
007067601030820 0.013 256.8 617.1 342.9 695.6
007067601030820 0.012 305.9 509.8 361.1 633.6
007067601030820 0.012 130.0 535.7 174.4 679.5
007067601030820 0.011 249.4 434.2 343.9 497.7
007067601030820 0.011 323.4 598.4 408.5 673.1
007067601030820 0.011 289.8 659.3 356.9 754.0
007067601030820 0.011 122.6 593.7 188.4 674.6
007067601030820 0.011 116.5 672.1 199.2 751.4
007067601030820 0.011 429.8 600.9 497.4 701.0
007067601030820 0.010 302.3 563.6 381.4 642.3
007067601030820 0.010 316.0 473.8 391.9 541.2
007067601030820 0.010 112.3 466.1 167.7 580.2
007076401030911 0.091 152.0 549.6 210.1 655.7
007076401030911 0.075 210.5 541.7 274.2 638.7
007076401030911 0.071 153.9 477.1 210.6 575.1
007076401030911 0.063 141.3 523.2 193.2 632.0
007076401030911 0.060 220.8 418.2 298.6 483.7
007076401030911 0.060 224.6 584.5 306.0 652.3
007076401030911 0.059 156.3 482.6 231.6 626.7
007076401030911 0.057 283.1 507.7 331.4 622.4
007076401030911 0.057 205.0 497.7 288.0 571.2
007076401030911 0.053 128.8 473.3 198.6 548.7
007076401030911 0.053 218.2 507.5 303.6 629.0
007076401030911 0.053 218.4 401.0 264.7 505.9
007076401030911 0.052 256.1 637.1 343.0 705.7
007076401030911 0.052 181.8 433.0 258.0 508.9
007076401030911 0.052 304.7 485.6 361.4 591.5
007076401030911 0.050 277.5 551.1 358.7 621.6
007076401030911 0.050 277.9 473.9 356.3 544.3
007076401030911 0.049 258.4 394.5 338.0 458.3
007076401030911 0.049 279.6 594.1 364.7 664.8
007076401030911 0.049 256.6 536.2 337.9 607.9
007076401030911 0.049 254.1 427.5 333.7 494.9
007076401030911 0.046 195.0 409.3 273.4 475.3
007076401030911 0.046 209.8 397.5 292.6 457.9
007076401030911 0.045 311.0 530.3 365.7 639.1
007076401030911 0.044 230.9 418.7 277.3 521.2
007076401030911 0.043 181.4 524.2 223.9 649.6
007076401030911 0.041 204.9 458.3 278.4 529.6
007076401030911 0.040 229.5 383.9 316.5 447.2
007076401030911 0.039 189.9 592.4 265.2 666.0
007076401030911 0.039 173.6 548.8 249.2 621.1
007076401030911 0.039 170.0 496.3 242.5 572.9
007076401030911 0.038 262.6 497.3 341.1 571.2
007076401030911 0.038 148.6 605.1 237.7 674.9
007076401030911 0.038 297.7 457.4 344.0 573.5
007076401030911 0.037 166.0 471.2 243.6 542.7
007082701030975 0.020 1019.2 716.2 1098.3 833.0
007082701030975 0.019 715.8 711.3 880.4 773.1
007082701030975 0.013 1060.9 573.5 1147.0 691.6
007082701030975 0.013 1088.6 584.1 1172.6 715.2
007082701030975 0.013 675.7 695.6 830.0 762.4
007082701030975 0.013 736.2 648.6 885.2 719.2
007082701030975 0.012 1045.1 706.1 1127.1 821.3
007082701030975 0.012 991.7 654.0 1126.3 721.8
007082701030975 0.011 767.0 666.5 911.6 737.1
007082701030975 0.011 1057.8 744.9 1147.1 846.8
007082701030975 0.011 928.7 568.0 1021.9 678.5
007082701030975 0.011 1029.7 622.1 1162.2 688.3
007082701030975 0.011 690.6 648.4 777.2 756.0
007082701030975 0.010 702.3 665.6 853.2 735.0
007082701030975 0.010 1065.0 631.5 1165.0 737.5
007082701030975 0.010 996.5 682.9 1129.0 751.4
007083101030979 0.088 327.1 558.2 403.2 636.1
007083101030979 0.082 336.2 590.0 421.6 665.1
007083101030979 0.064 340.1 530.8 427.9 600.8
007083101030979 0.059 220.0 554.6 308.1 625.4
007083101030979 0.041 304.8 575.5 385.9 653.2
007083101030979 0.040 358.0 528.3 411.0 639.5
007083101030979 0.040 405.8 552.9 482.2 627.5
007083101030979 0.039 381.8 649.7 469.4 719.4
007083101030979 0.038 312.4 503.5 405.4 573.6
007083101030979 0.038 331.2 514.8 383.3 627.2
007083101030979 0.037 408.5 597.4 458.4 709.9
007083101030979 0.035 103.9 666.3 201.3 729.8
007083101030979 0.035 331.1 622.6 425.8 691.1
007083101030979 0.035 95.0 707.8 196.3 774.6
007083101030979 0.034 446.4 647.0 525.2 719.6
007083101030979 0.032 225.5 531.3 315.9 601.9
007083101030979 0.031 475.2 599.0 519.4 729.7
007083101030979 0.030 149.7 669.5 252.4 730.9
007083101030979 0.029 125.9 726.3 228.9 788.3
007103801031193 0.016 330.7 672.6 454.1 801.8
007103801031193 0.016 1072.5 665.7 1181.5 805.0
007103801031193 0.014 388.6 508.9 497.4 643.3
007103801031193 0.013 1024.3 518.7 1144.8 641.9
007103801031193 0.012 947.8 542.4 1137.3 611.3
007103801031193 0.012 272.6 848.5 398.9 975.6
007103801031193 0.012 401.1 415.5 520.5 533.4
007103801031193 0.012 1010.5 641.2 1137.5 764.9
007103801031193 0.012 914.1 519.3 1040.9 628.1
007103801031193 0.011 219.1 404.2 338.9 530.5
007103801031193 0.011 347.6 416.4 474.7 530.1
007103801031193 0.011 304.8 514.2 412.6 642.0
007126601031428 0.064 175.1 423.6 259.6 486.5
007126601031428 0.059 174.7 626.7 262.0 696.0
007126601031428 0.058 331.1 551.8 421.0 625.6
007126601031428 0.058 206.2 378.1 291.8 444.3
007126601031428 0.057 188.9 722.7 267.6 787.1
007126601031428 0.052 368.1 578.9 454.2 654.2
007126601031428 0.051 334.1 525.4 420.7 596.8
007126601031428 0.051 380.4 511.0 430.5 630.2
007126601031428 0.047 322.6 662.8 417.1 733.3
007126601031428 0.045 203.3 408.8 288.2 470.9
007126601031428 0.043 395.4 536.7 445.2 661.7
007126601031428 0.041 131.4 637.5 215.3 709.4
007126601031428 0.041 200.2 640.3 290.9 705.1
007126601031428 0.039 350.8 683.2 437.5 751.4
007126601031428 0.038 221.2 476.2 301.1 542.7
007126601031428 0.037 320.6 552.0 391.9 662.5
007126601031428 0.037 160.1 648.6 247.6 718.6
007126601031428 0.036 192.5 440.4 280.2 509.8
007126601031428 0.036 298.2 805.8 386.9 868.1
007126601031428 0.035 325.3 623.1 400.8 716.9
007126601031428 0.035 315.8 501.5 404.4 572.8
007126601031428 0.033 234.2 639.0 322.1 711.1
007126601031428 0.032 413.6 392.4 499.4 459.3
007126601031428 0.032 94.0 526.9 173.6 597.1
007126601031428 0.032 339.4 592.9 428.6 669.4
007126601031428 0.031 87.0 550.7 165.1 621.3
007126601031428 0.031 237.6 392.2 320.3 457.1
007126601031428 0.031 214.1 593.6 305.4 722.9
007126601031428 0.029 152.4 408.6 244.4 471.3
007126601031428 0.029 77.2 623.1 157.3 698.0
007126601031428 0.029 365.9 405.9 457.5 471.8
007126601031428 0.029 354.3 525.4 406.0 653.8
007132201031488 0.027 298.7 622.4 347.3 756.8
007132201031488 0.018 156.8 584.3 216.2 712.1
007132201031488 0.017 348.0 763.0 443.2 828.3
007132201031488 0.017 313.0 704.1 400.6 777.4
007132201031488 0.014 299.8 674.4 387.9 751.2
007132201031488 0.013 195.0 505.5 303.8 563.4
007132201031488 0.013 45.2 714.2 113.5 795.4
007132201031488 0.013 376.0 748.2 464.7 809.5
007132201031488 0.012 148.8 546.9 238.2 624.5
007132201031488 0.012 303.9 676.8 361.5 806.2
007132201031488 0.012 397.5 726.2 445.8 825.6
007132201031488 0.012 136.3 659.3 226.6 744.8
007132201031488 0.012 131.8 721.6 208.0 816.6
007132201031488 0.012 56.1 576.2 105.1 691.4
007132201031488 0.012 441.9 515.2 537.5 575.5
007132201031488 0.012 187.1 535.8 308.8 600.1
007132201031488 0.011 161.8 669.9 271.5 752.2
007132201031488 0.011 180.9 753.2 292.6 829.0
007132201031488 0.011 102.0 651.8 166.5 766.8
007132201031488 0.011 158.8 613.2 260.8 689.7
007132201031488 0.010 58.4 608.1 130.5 766.4
007132201031488 0.010 119.5 630.5 181.9 747.6
007132201031488 0.010 137.4 700.9 234.5 783.0
007138601031555 0.019 1129.2 743.5 1216.2 884.9
007138601031555 0.015 1078.6 788.4 1221.8 861.2
007138601031555 0.015 1151.1 676.6 1228.5 825.8
007138601031555 0.014 677.7 510.5 766.5 633.7
007138601031555 0.013 721.3 789.6 871.2 861.0
007138601031555 0.013 1301.4 746.9 1458.8 822.9
007138601031555 0.012 910.9 660.5 993.5 800.8
007138601031555 0.012 825.5 388.2 959.0 459.6
007138601031555 0.012 1104.9 779.3 1195.9 916.6
007138601031555 0.012 720.6 390.2 866.8 455.1
007138601031555 0.011 901.4 592.4 1029.7 669.6
007138601031555 0.011 910.1 559.2 994.9 695.6
007138601031555 0.011 884.0 633.3 989.3 741.4
007138601031555 0.011 820.7 473.3 951.1 544.1
007138601031555 0.011 266.9 717.2 440.1 788.4
007138601031555 0.010 319.8 582.3 421.2 705.8
007138601031555 0.010 865.0 398.4 967.6 506.1
007138601031555 0.010 711.7 821.2 809.6 952.7
007159701031781 0.013 796.4 627.1 893.8 753.0
007159701031781 0.011 651.5 581.5 779.9 654.1
007159701031781 0.010 841.9 607.7 933.6 725.2
007159701031781 0.010 826.3 576.6 915.5 693.0
007160401031788 0.014 337.0 659.6 445.3 775.6
007160401031788 0.014 309.7 721.6 473.1 795.8
007160401031788 0.013 932.7 487.2 1113.3 545.7
007160401031788 0.013 226.3 673.2 331.0 797.1
007160401031788 0.013 252.8 681.3 427.7 746.1
007160401031788 0.012 263.9 707.7 429.2 781.3
007160401031788 0.012 381.7 654.5 489.7 777.7
007160401031788 0.012 1359.6 783.5 1547.4 858.5
007160401031788 0.012 14.2 646.4 164.8 723.2
007160401031788 0.012 672.4 531.0 769.2 661.2
007160401031788 0.011 55.9 660.3 211.4 733.7
007160401031788 0.010 613.3 466.1 706.0 599.2
007160401031788 0.010 421.2 666.1 526.3 789.7
007177001031964 0.012 490.5 397.1 580.2 503.0
007177001031964 0.012 284.4 714.1 363.7 854.8
007177001031964 0.011 512.4 427.0 638.5 504.5
007177001031964 0.010 500.5 314.8 651.1 384.9
007195001032153 0.014 956.6 533.7 1318.2 591.2
007195001032153 0.011 1170.3 534.0 1528.1 591.3
007195001032153 0.011 798.1 533.8 1158.4 591.3
007195001032153 0.011 401.1 534.0 753.7 590.8
007195001032153 0.011 611.2 533.8 970.0 590.8
007195001032153 0.010 1333.1 534.3 1684.0 591.3
007197501032180 0.036 234.2 524.7 316.2 649.8
007197501032180 0.032 559.7 449.5 694.8 511.8
007197501032180 0.028 679.2 494.1 754.3 611.6
007197501032180 0.027 635.2 458.7 712.3 568.0
007197501032180 0.024 411.2 497.4 528.4 566.9
007197501032180 0.022 527.0 758.4 650.5 834.9
007197501032180 0.021 571.1 448.4 655.7 551.1
007197501032180 0.020 197.7 611.6 319.2 682.7
007197501032180 0.020 579.8 702.3 713.4 779.7
007197501032180 0.019 542.0 719.3 665.8 794.6
007197501032180 0.019 481.7 729.3 596.4 804.0
007197501032180 0.019 479.7 448.5 565.0 546.0
007197501032180 0.018 567.2 393.7 655.5 496.2
007197501032180 0.017 196.3 409.9 282.5 526.3
007197501032180 0.017 706.0 505.3 782.4 626.4
007197501032180 0.017 603.5 445.8 686.2 552.7
007197501032180 0.017 517.1 703.2 627.0 777.7
007197501032180 0.017 461.9 695.2 570.9 776.3
007197501032180 0.017 754.0 534.6 851.7 639.9
007197501032180 0.017 454.7 457.2 535.4 555.6
007197501032180 0.016 608.5 490.0 703.9 591.0
007197501032180 0.016 662.4 446.2 743.5 556.6
007197501032180 0.016 268.6 527.2 343.8 659.4
007197501032180 0.016 555.1 422.7 700.0 484.7
007197501032180 0.016 237.2 526.1 366.7 602.3
007197501032180 0.016 547.2 493.0 672.9 560.0
007197501032180 0.015 457.4 787.2 585.8 857.3
007197501032180 0.015 552.3 420.9 639.1 520.1
007197501032180 0.015 179.6 539.5 278.3 640.3
007197501032180 0.015 496.9 501.7 622.7 569.5
007197501032180 0.015 574.8 505.4 675.3 608.7
007197501032180 0.015 103.4 577.5 222.9 657.4
007197501032180 0.014 399.3 786.0 519.9 862.0
007197501032180 0.014 385.7 525.9 496.4 600.8
007197501032180 0.014 443.0 702.3 519.8 842.9
007197501032180 0.014 629.0 421.4 713.2 528.1
007197501032180 0.014 687.1 566.1 806.3 639.6
007197501032180 0.014 648.1 491.8 726.4 612.7
007197501032180 0.014 729.1 580.7 860.6 652.2
007197501032180 0.013 297.6 604.7 375.0 734.0
007197501032180 0.013 462.0 487.7 564.1 580.2
007198001032185 0.033 290.5 488.9 377.7 605.6
007198001032185 0.021 269.5 464.0 360.7 575.7
007209101032300 0.017 937.9 376.6 1152.0 445.6
007209101032300 0.016 412.7 534.5 520.9 678.9
007209101032300 0.016 509.4 558.3 642.3 667.6
007209101032300 0.013 1208.9 525.8 1319.8 665.9
007209101032300 0.013 874.6 325.1 1009.6 440.6
007209101032300 0.013 962.7 715.9 1148.5 790.6
007209101032300 0.012 1687.3 734.8 1908.6 805.3
007209101032300 0.012 884.3 745.9 1084.3 818.8
007209101032300 0.012 1528.5 736.7 1754.9 807.1
007209101032300 0.012 1629.6 596.8 1847.2 665.4
007209101032300 0.012 922.0 338.6 1061.9 446.9
007209101032300 0.011 456.2 559.1 580.1 681.8
007209101032300 0.011 277.9 709.0 382.2 853.6
007209101032300 0.010 1577.6 719.3 1793.3 789.6
007209101032300 0.010 780.7 645.5 907.9 776.7
007209101032300 0.010 230.0 734.1 407.0 810.4
007209101032300 0.010 1209.0 420.2 1321.3 554.1
007231501032540 0.021 224.9 534.9 336.5 609.7
007231501032540 0.020 383.8 664.8 469.4 784.7
007231501032540 0.019 414.7 489.4 509.5 589.9
007231501032540 0.018 890.0 396.5 1021.2 461.6
007231501032540 0.017 729.4 491.4 803.4 613.2
007231501032540 0.017 923.4 534.9 1023.5 637.9
007231501032540 0.017 668.8 485.0 735.7 633.1
007231501032540 0.015 230.0 417.0 347.6 488.4
007231501032540 0.015 437.4 466.2 535.3 563.6
007231501032540 0.014 201.3 505.6 316.0 585.9
007231501032540 0.013 757.7 493.0 840.8 601.1
007231501032540 0.013 961.9 378.1 1086.8 446.4
007231501032540 0.013 256.5 589.3 335.4 716.1
007231501032540 0.012 875.7 555.1 999.8 630.9
007231501032540 0.012 217.7 413.1 304.6 519.5
007231501032540 0.012 475.9 473.5 566.0 581.7
007231501032540 0.012 223.5 562.6 339.8 638.0
007231501032540 0.012 968.2 495.1 1046.8 618.9
007231501032540 0.012 393.6 475.0 515.3 544.2
007231501032540 0.011 184.0 506.9 251.3 644.8
007231501032540 0.011 482.0 622.6 553.4 777.4
007231501032540 0.011 995.1 510.1 1077.3 634.9
007231501032540 0.011 748.1 587.7 886.4 665.1
007231501032540 0.011 888.7 418.2 1012.3 487.7
007231501032540 0.011 240.5 541.7 316.2 676.5
007231501032540 0.011 712.4 515.2 786.4 651.0
007231501032540 0.011 697.7 490.1 766.5 626.0
007231501032540 0.011 191.3 438.7 284.2 557.1
007231501032540 0.010 820.7 474.5 950.9 543.9
007231501032540 0.010 238.0 446.9 312.9 594.8
007231501032540 0.010 242.1 397.7 379.1 458.8
007231501032540 0.010 238.0 465.5 350.8 546.9
007277301033028 0.048 244.4 568.6 315.0 643.6
007277301033028 0.032 268.6 644.7 348.3 716.1
007277301033028 0.028 280.4 603.7 343.7 698.9
007277301033028 0.027 408.0 563.1 509.6 620.4
007277301033028 0.027 236.8 543.1 307.1 617.5
007277301033028 0.025 260.3 588.1 318.5 689.4
007277301033028 0.024 347.5 561.7 444.2 623.7
007277301033028 0.024 235.5 554.2 312.7 701.0
007277301033028 0.024 387.6 555.1 438.0 662.9
007277301033028 0.022 308.5 578.8 359.5 684.7
007277301033028 0.022 396.5 556.1 469.4 634.1
007277301033028 0.021 243.2 545.4 288.1 669.1
007277301033028 0.020 347.1 590.5 439.4 657.1
007277301033028 0.020 317.2 561.6 405.3 627.6
007277301033028 0.019 276.8 559.5 362.2 626.5
007277301033028 0.019 366.6 542.7 426.1 646.6
007277301033028 0.018 99.1 363.6 197.1 429.8
007277301033028 0.018 408.1 533.5 506.8 595.4
007277301033028 0.017 456.1 666.2 542.3 733.6
007277301033028 0.017 420.1 518.3 474.4 620.7
007277301033028 0.017 388.7 720.4 504.3 779.8
007277301033028 0.016 106.6 642.4 203.3 702.0
007277301033028 0.016 212.1 671.4 298.6 746.3
007277301033028 0.015 397.8 588.0 469.6 665.0
007277301033028 0.015 245.5 530.0 330.6 598.7
007292501033193 0.016 230.0 724.8 446.0 791.1
007292501033193 0.014 302.0 736.7 531.1 804.9
007292501033193 0.013 157.1 719.4 365.8 791.7
007292501033193 0.010 451.9 774.8 687.6 846.9
007325601033545 0.015 194.4 543.7 295.1 657.7
007325601033545 0.014 281.9 529.9 388.2 646.8
007325601033545 0.014 775.3 743.5 875.9 873.5
007325601033545 0.013 566.2 721.3 658.8 857.0
007325601033545 0.013 306.7 578.5 474.0 651.1
007325601033545 0.012 386.8 521.5 497.2 628.9
007325601033545 0.011 233.4 580.0 395.5 653.1
007325601033545 0.011 795.4 692.5 893.2 822.8
007325601033545 0.010 613.0 763.9 709.5 904.5
007325601033545 0.010 1124.7 890.2 1329.0 967.2
007325601033545 0.010 317.8 510.5 435.2 616.2
007325601033545 0.010 211.3 553.2 374.6 624.5
007325601033545 0.010 274.4 609.5 464.2 678.5
007380601034117 0.027 120.9 520.3 190.2 647.5
007380601034117 0.022 222.1 404.6 327.0 495.5
007380601034117 0.018 713.0 539.2 822.4 618.0
007380601034117 0.017 146.6 550.5 256.3 625.6
007380601034117 0.017 381.8 369.4 461.2 479.1
007380601034117 0.017 751.8 416.7 866.2 485.5
007380601034117 0.017 91.9 565.9 201.5 641.2
007380601034117 0.017 122.9 648.2 258.6 721.6
007380601034117 0.017 346.3 653.6 477.8 718.9
007380601034117 0.016 104.9 393.8 231.3 459.4
007380601034117 0.016 148.1 496.9 219.8 629.4
007380601034117 0.016 93.6 532.8 161.7 660.4
007380601034117 0.015 425.5 516.4 525.2 589.4
007380601034117 0.015 139.4 378.2 268.5 443.1
007380601034117 0.014 167.7 633.0 298.3 707.6
007380601034117 0.014 79.3 519.3 210.2 671.5
007380601034117 0.014 129.7 526.3 239.5 601.4
007380601034117 0.014 253.5 417.6 337.4 532.1
007380601034117 0.014 760.7 431.6 851.0 536.7
007380601034117 0.013 59.5 550.2 167.5 627.4
007380601034117 0.013 177.4 406.1 281.6 494.1
007380601034117 0.013 234.1 760.8 375.2 836.0
007380601034117 0.013 375.0 674.9 508.0 748.2
007380601034117 0.012 385.2 667.3 464.3 786.0
007380601034117 0.012 112.8 621.7 233.0 699.8
007380601034117 0.012 262.1 586.2 391.6 663.5
007380601034117 0.012 465.9 564.0 556.4 668.1
007380601034117 0.012 205.1 510.9 313.1 589.5
007380601034117 0.012 264.2 737.8 345.0 854.0
007380601034117 0.011 -38.4 444.7 84.6 519.0
007380601034117 0.011 398.9 603.5 518.5 668.2
007380601034117 0.011 391.1 445.0 497.4 513.9
007380601034117 0.011 35.3 469.4 99.9 613.1
007380601034117 0.011 256.1 461.4 342.2 579.1
007380601034117 0.011 752.5 460.3 817.7 596.9
007380601034117 0.011 349.5 533.2 456.4 611.2
007380601034117 0.011 244.5 368.1 329.9 468.8
007380601034117 0.011 474.3 370.4 544.1 502.7
007380601034117 0.010 355.0 389.7 430.4 497.7
007380601034117 0.010 267.1 509.1 348.4 650.3
007380601034117 0.010 141.5 606.7 260.4 683.4
007380601034117 0.010 185.5 606.2 311.3 682.6
007380601034117 0.010 373.7 745.3 506.5 813.8
007396701029840 0.040 467.0 595.9 565.7 675.0
007396701029840 0.039 488.1 824.0 593.5 901.8
007396701029840 0.038 467.5 632.7 572.1 708.6
007396701029840 0.031 526.5 489.7 594.4 608.2
007396701029840 0.030 603.3 521.9 673.3 630.1
007396701029840 0.030 513.8 406.4 582.4 519.3
007396701029840 0.029 581.2 409.6 650.0 520.0
007396701029840 0.027 486.9 787.5 578.3 881.3
007396701029840 0.027 456.8 538.5 559.9 614.6
007396701029840 0.024 503.7 534.4 614.6 609.8
007396701029840 0.023 491.0 403.8 548.7 531.6
007396701029840 0.022 500.8 865.5 626.0 938.4
007396701029840 0.021 55.6 541.5 137.1 639.4
007396701029840 0.021 500.3 466.0 566.7 584.2
007396701029840 0.020 522.4 451.7 631.0 578.1
007396701029840 0.020 471.6 363.8 538.0 456.6
007396701029840 0.019 493.8 527.5 563.8 651.8
007396701029840 0.019 523.7 375.0 590.2 485.1
007396701029840 0.019 158.3 635.3 261.5 711.1
007396701029840 0.019 310.6 442.3 367.6 582.6
007396701029840 0.019 193.4 668.6 300.9 749.0
007396701029840 0.018 156.8 765.4 314.9 821.7
007396701029840 0.018 528.8 382.7 641.8 444.0
007396701029840 0.018 444.0 616.1 537.4 696.3
007396701029840 0.018 582.7 498.2 651.4 608.3
007396701029840 0.017 285.9 465.4 347.5 584.3
007396701029840 0.017 560.2 492.0 625.1 605.3
007396701029840 0.017 681.0 429.8 764.1 505.6
007396701029840 0.017 580.6 581.7 689.3 658.2
007396701029840 0.017 534.3 429.9 603.8 544.1
007396701029840 0.016 516.9 798.5 613.6 879.6
007396701029840 0.016 755.1 650.8 812.3 786.1
007396701029840 0.016 468.7 730.8 577.7 805.7
007396701029840 0.015 480.3 401.1 581.9 466.9
007396701029840 0.015 473.5 679.4 576.4 756.0
007432601030199 0.026 443.2 666.3 543.8 735.3
007432601030199 0.026 544.9 567.2 591.9 699.0
007432601030199 0.024 449.3 462.2 543.9 530.0
007432601030199 0.023 113.6 702.5 194.9 780.2
007432601030199 0.023 326.4 593.3 377.3 719.8
007432601030199 0.023 209.6 572.1 325.3 635.6
007432601030199 0.020 139.2 708.9 227.7 776.8
007432601030199 0.019 308.1 563.5 362.9 673.9
007432601030199 0.018 149.4 731.7 246.0 803.4
007432601030199 0.018 317.7 633.8 400.0 708.4
007432601030199 0.018 435.1 609.1 488.0 726.6
007432601030199 0.018 178.6 620.3 233.2 726.7
007432601030199 0.018 242.9 486.0 332.1 557.9
007432601030199 0.018 432.1 691.4 533.7 764.3
007432601030199 0.018 281.5 623.6 367.9 700.3
007432601030199 0.017 159.8 685.4 214.6 796.5
007432601030199 0.017 542.6 649.7 620.4 721.7
007432601030199 0.017 211.8 644.4 266.6 760.8
007432601030199 0.017 512.1 610.0 600.4 683.8
007432601030199 0.016 134.0 603.2 233.8 665.2
007432601030199 0.016 447.2 640.1 545.2 706.1
007432601030199 0.016 421.4 650.8 509.2 716.2
007432601030199 0.016 128.8 645.2 225.7 770.4
007432601030199 0.016 153.0 679.3 240.9 749.0
007432601030199 0.015 469.0 597.1 572.1 659.7
007432601030199 0.015 153.6 593.3 205.3 696.3
007432601030199 0.015 343.4 573.0 392.8 691.6
007432601030199 0.015 523.2 578.6 606.3 657.1
007432601030199 0.014 488.0 439.6 545.0 545.8
007432601030199 0.014 261.0 534.2 321.0 647.6
007432601030199 0.014 259.2 753.3 366.1 816.2
007432601030199 0.014 321.4 515.3 400.0 589.5
007432601030199 0.014 234.4 524.4 337.6 593.5
007432601030199 0.014 135.2 604.7 186.0 716.5
007432601030199 0.014 488.2 500.7 570.1 580.7
007432601030199 0.014 312.8 607.2 391.4 682.0
007432601030199 0.014 74.1 661.2 152.0 738.9
007432601030199 0.013 274.8 597.8 367.1 669.3
007432601030199 0.013 469.1 622.7 528.1 732.8
007432601030199 0.013 152.7 615.9 258.0 742.0
007432601030199 0.013 410.2 625.3 514.3 753.4
007432601030199 0.013 224.6 708.0 327.1 780.5
007432601030199 0.013 325.3 525.5 377.4 641.4
007432601030199 0.013 159.3 639.9 212.8 746.8
007453801030411 0.028 1234.5 760.3 1360.0 876.2
007453801030411 0.026 1274.1 748.5 1409.7 865.8
007453801030411 0.023 781.4 700.5 897.3 839.5
007453801030411 0.021 594.5 710.4 713.3 836.0
007453801030411 0.021 252.6 731.0 504.1 799.7
007453801030411 0.021 1090.0 522.1 1215.4 638.7
007453801030411 0.020 440.1 720.1 675.6 790.2
007453801030411 0.019 574.3 537.7 688.9 667.6
007453801030411 0.018 569.5 688.1 688.2 800.3
007453801030411 0.017 367.3 702.1 529.4 799.1
007453801030411 0.017 757.0 664.4 874.0 805.1
007453801030411 0.017 430.0 453.8 561.2 565.6
007453801030411 0.017 372.6 468.1 501.5 574.6
007453801030411 0.016 1170.0 778.8 1377.0 849.4
007453801030411 0.016 829.7 808.7 964.9 937.1
007453801030411 0.016 246.9 705.5 493.2 775.1
007453801030411 0.015 804.0 752.4 926.5 887.2
007453801030411 0.015 651.0 721.3 760.6 856.1
007453801030411 0.014 976.6 661.2 1128.8 763.9
007453801030411 0.014 1326.7 733.4 1463.1 862.9
007453801030411 0.014 1183.6 801.2 1413.4 871.6
007453801030411 0.014 863.9 511.9 1036.4 589.3
007453801030411 0.014 430.2 358.5 562.7 471.0
007453801030411 0.014 1018.3 527.0 1198.9 605.0
007453801030411 0.014 517.0 474.7 637.0 613.2
007453801030411 0.013 1186.3 750.0 1312.0 874.9
007453801030411 0.013 571.5 340.3 701.2 454.5
007453801030411 0.013 632.8 756.4 817.9 839.2
007453801030411 0.013 448.0 525.0 632.5 599.7
007453801030411 0.013 594.9 595.0 758.7 670.1
007453801030411 0.012 1055.9 548.9 1247.4 617.5
007453801030411 0.012 841.6 825.9 1061.9 901.7
007453801030411 0.012 1248.6 762.7 1482.7 838.4
007453801030411 0.012 954.6 759.3 1131.7 860.0
007453801030411 0.012 489.8 673.4 741.5 808.2
007453801030411 0.012 709.6 630.5 817.4 769.0
007453801030411 0.012 424.6 429.2 607.4 502.0
007453801030411 0.012 703.2 663.9 878.4 741.3
007453801030411 0.012 438.6 569.3 645.4 640.1
007453801030411 0.011 1022.8 631.3 1171.4 743.5
007453801030411 0.011 552.0 494.9 666.6 637.7
007453801030411 0.011 733.3 705.7 912.0 783.8
007453801030411 0.011 729.4 852.1 954.5 931.9
007453801030411 0.011 432.4 506.2 559.5 631.2
007453801030411 0.011 794.1 734.2 989.9 809.8
007453801030411 0.011 622.6 682.1 736.7 811.0
007457101030444 0.069 79.6 690.6 192.1 756.6
007457101030444 0.053 178.8 454.1 268.4 532.7
007457101030444 0.047 116.4 548.9 196.7 620.4
007457101030444 0.047 445.4 677.8 527.6 747.4
007457101030444 0.042 412.8 558.6 496.9 632.7
007457101030444 0.041 419.8 590.3 486.3 691.7
007457101030444 0.041 500.9 607.6 580.8 681.3
007457101030444 0.040 407.3 662.8 474.9 765.0
007457101030444 0.040 279.4 727.5 372.3 806.2
007457101030444 0.040 189.3 481.1 257.9 610.4
007457101030444 0.040 363.6 709.8 438.7 792.7
007457101030444 0.039 382.5 641.3 451.6 735.8
007457101030444 0.035 463.1 729.5 544.8 809.0
007457101030444 0.035 382.6 570.0 475.5 697.0
007457101030444 0.035 360.8 610.3 439.4 685.7
007457101030444 0.035 412.1 610.2 466.8 720.1
007457101030444 0.034 128.5 516.5 178.3 646.7
007457101030444 0.033 457.0 705.4 535.6 780.2
007457101030444 0.033 86.3 429.4 142.4 551.3
007457101030444 0.032 509.3 578.3 585.9 658.6
007457101030444 0.032 333.9 729.7 417.7 801.7
007457101030444 0.032 421.8 647.4 514.5 793.7
007457101030444 0.031 342.4 686.1 411.0 782.2
007457101030444 0.031 456.7 650.9 536.1 725.3
007457101030444 0.030 417.8 730.8 504.8 800.8
007457101030444 0.030 160.6 569.1 230.6 670.3
007457101030444 0.029 513.5 551.4 591.7 629.6
007457101030444 0.029 136.7 501.9 201.2 610.8
007457101030444 0.029 462.5 638.1 513.0 762.2
007457101030444 0.029 404.4 521.9 458.4 635.7
007457101030444 0.029 92.4 564.4 175.1 636.9
007457101030444 0.029 392.2 597.0 445.5 715.1
007457101030444 0.028 67.1 568.9 133.6 669.0
007457101030444 0.028 146.1 617.3 241.4 683.3
007457101030444 0.028 171.9 520.8 225.1 642.4
007457101030444 0.028 354.6 678.1 435.6 754.7
007457101030444 0.027 388.7 539.4 480.5 610.0
007457101030444 0.027 443.1 598.8 498.6 714.2
007457101030444 0.027 77.2 460.1 130.8 594.6
007461201030485 0.012 207.5 802.2 350.4 871.8
007461201030485 0.011 944.1 508.7 1009.3 634.1
007461201030485 0.011 382.0 675.2 497.8 745.9
007461201030485 0.010 249.6 815.0 402.8 885.8
007461201030485 0.010 422.6 537.1 523.9 615.6
007468401030557 0.039 113.9 474.3 212.7 551.9
007468401030557 0.033 150.0 395.1 266.9 455.7
007468401030557 0.028 376.2 513.6 486.3 574.9
007468401030557 0.026 440.8 411.3 520.2 494.4
007468401030557 0.025 45.9 519.5 116.9 606.8
007468401030557 0.025 105.1 413.9 188.3 502.6
007468401030557 0.024 495.7 499.8 556.3 614.4
007468401030557 0.021 431.8 390.7 517.1 457.8
007468401030557 0.021 101.0 550.7 186.9 626.3
007468401030557 0.021 97.6 449.6 186.7 533.8
007468401030557 0.020 489.4 466.3 543.3 583.7
007468401030557 0.020 79.6 549.8 144.1 655.3
007468401030557 0.019 44.2 556.0 121.6 636.2
007468401030557 0.019 468.9 473.7 519.0 604.5
007468401030557 0.018 74.5 511.1 139.7 602.0
007468401030557 0.018 144.3 498.0 229.3 593.5
007468401030557 0.018 424.5 449.1 496.7 550.0
007468401030557 0.018 506.9 509.4 577.5 585.4
007468401030557 0.017 70.2 612.2 159.0 690.3
007468401030557 0.016 132.5 629.8 231.0 690.4
007468401030557 0.016 476.8 386.5 546.0 470.3
007468401030557 0.016 174.0 624.5 228.4 737.3
007468401030557 0.016 144.9 603.7 240.3 668.4
007468401030557 0.016 409.9 401.6 487.5 494.3
007468401030557 0.016 217.2 521.0 292.7 605.4
007468401030557 0.016 116.2 409.3 228.4 471.2
007468401030557 0.016 217.3 565.2 288.4 643.7
007468401030557 0.015 448.6 481.6 526.2 556.1
007468401030557 0.015 204.6 391.4 267.7 478.2
007468401030557 0.015 452.2 447.5 523.3 532.9
007468401030557 0.015 175.1 585.6 269.7 653.4
007468401030557 0.015 194.4 551.1 282.7 612.0
007468401030557 0.015 431.6 558.6 526.2 626.6
007468401030557 0.015 241.9 399.3 361.0 458.4
007468401030557 0.014 97.0 490.2 183.7 571.0
007468401030557 0.014 387.2 539.3 500.8 606.4
007468401030557 0.014 144.4 470.2 260.9 545.0
007468401030557 0.014 476.7 553.4 557.7 625.2
007468401030557 0.014 457.7 596.2 553.1 661.7
007468401030557 0.014 151.0 372.2 266.0 428.4
007468401030557 0.014 431.0 511.3 523.6 579.2
007468401030557 0.014 173.8 409.4 291.0 472.1
007468401030557 0.013 470.9 524.2 546.7 597.1
007468401030557 0.013 174.3 617.4 276.4 675.0
007468401030557 0.013 95.1 501.5 160.3 617.2
007468901030562 0.014 832.7 726.5 948.0 858.6
007468901030562 0.014 1595.2 729.2 1780.6 802.0
007468901030562 0.012 753.1 779.5 941.7 850.0
007472401030597 0.019 105.9 662.8 168.5 777.7
007472401030597 0.013 146.7 562.5 220.3 686.8
007472401030597 0.011 100.5 712.5 203.4 777.1
007472401030597 0.011 172.7 592.2 252.0 693.7
007472401030597 0.010 124.4 632.5 193.9 760.0
007472401030597 0.010 136.0 638.4 233.2 722.5
007515901031032 0.067 136.7 528.7 186.9 643.3
007515901031032 0.065 259.2 591.6 330.2 691.6
007515901031032 0.062 259.3 505.3 313.0 627.9
007515901031032 0.048 128.3 495.4 179.5 610.0
007515901031032 0.045 104.5 608.3 182.3 684.8
007515901031032 0.042 267.6 542.4 326.6 657.3
007515901031032 0.042 286.2 607.5 392.5 675.8
007515901031032 0.039 166.4 624.3 250.5 700.9
007515901031032 0.037 82.7 635.2 156.8 712.8
007515901031032 0.035 114.2 486.9 191.7 558.7
007515901031032 0.035 433.7 448.6 486.0 569.7
007515901031032 0.034 81.7 588.6 142.9 699.0
007515901031032 0.034 242.5 491.9 322.8 573.4
007515901031032 0.034 262.3 388.2 341.5 482.5
007515901031032 0.034 475.4 566.9 571.5 639.5
007515901031032 0.034 498.5 539.2 555.2 661.8
007515901031032 0.032 112.4 578.2 192.8 655.8
007515901031032 0.032 335.6 535.3 443.2 661.1
007515901031032 0.032 78.2 668.4 151.4 750.5
007515901031032 0.031 248.1 359.8 322.6 446.4
007515901031032 0.031 90.6 568.7 178.0 715.0
007515901031032 0.031 489.0 502.1 547.4 624.7
007515901031032 0.031 226.5 431.0 312.3 505.6
007515901031032 0.030 317.3 608.2 376.4 711.6
007515901031032 0.030 286.8 638.8 399.7 704.7
007515901031032 0.030 86.9 550.7 167.2 633.1
007515901031032 0.030 263.2 524.2 345.4 606.1
007515901031032 0.030 436.1 578.5 497.3 689.7
007515901031032 0.029 376.2 424.2 435.4 530.8
007515901031032 0.029 517.0 578.1 609.7 652.4
007515901031032 0.029 346.7 595.3 409.5 703.7
007515901031032 0.028 278.4 677.7 386.0 742.9
007515901031032 0.028 57.2 469.6 129.9 551.4
007515901031032 0.028 210.2 637.5 299.4 710.6
007516101031034 0.010 494.3 319.6 574.4 428.7
007516101031034 0.010 564.0 561.2 679.4 638.3
007520101031074 0.013 476.3 742.0 615.7 861.4
007520101031074 0.011 538.9 736.4 664.0 865.3
007520101031074 0.010 357.0 777.5 617.6 844.0
007704801032921 0.019 1632.0 717.5 1831.7 889.5
007704801032921 0.019 1703.1 746.6 1806.2 894.1
007704801032921 0.016 1558.0 829.4 1677.0 971.8
007704801032921 0.014 1649.2 783.2 1818.9 867.9
007704801032921 0.014 1720.1 821.8 1888.9 903.1
007704801032921 0.014 678.5 418.3 858.1 494.5
007704801032921 0.013 1788.2 480.3 1958.6 555.4
007704801032921 0.013 801.4 516.6 915.8 653.7
007704801032921 0.013 1745.5 783.6 1853.5 920.0
007704801032921 0.013 1795.7 783.5 1906.5 917.5
007704801032921 0.012 289.1 418.5 495.6 490.4
007704801032921 0.011 1667.4 794.0 1777.3 943.3
007704801032921 0.011 1611.3 336.7 1795.5 405.5
007704801032921 0.011 277.6 443.1 469.0 515.6
007704801032921 0.011 1619.2 699.0 1725.8 840.1
007704801032921 0.011 329.6 581.9 439.5 735.7
007704801032921 0.011 1787.9 837.6 1967.1 918.2
007704801032921 0.011 666.6 327.1 836.0 422.8
007704801032921 0.010 1593.7 702.7 1760.1 784.3
007704801032921 0.010 747.7 326.7 872.6 460.7
007704801032921 0.010 1604.4 353.3 1752.7 457.0
007704801032921 0.010 246.9 442.5 396.4 546.5
007704801032921 0.010 1826.5 537.2 1932.9 674.8
007704801032921 0.010 1645.7 748.9 1753.9 894.6
007704801032921 0.010 409.2 379.5 587.3 465.0
007704801032921 0.010 358.7 670.4 540.9 750.5
007717201033045 0.077 143.4 446.0 202.7 518.6
007717201033045 0.071 129.0 591.0 192.6 663.1
007717201033045 0.060 281.5 474.1 337.5 568.2
007717201033045 0.059 156.1 412.7 211.4 492.2
007717201033045 0.054 291.1 661.5 342.1 753.8
007717201033045 0.050 90.3 626.4 163.9 693.2
007717201033045 0.049 88.1 654.6 165.3 713.9
007717201033045 0.044 113.8 570.3 177.0 645.9
007717201033045 0.044 66.3 664.3 141.2 729.1
007717201033045 0.043 68.1 597.2 140.1 665.3
007717201033045 0.043 104.3 476.0 181.7 538.5
007717201033045 0.042 31.2 596.6 95.2 670.4
007717201033045 0.041 98.0 446.3 142.5 534.9
007717201033045 0.041 53.6 462.0 120.1 528.1
007717201033045 0.039 134.3 611.1 189.9 700.6
007717201033045 0.039 137.4 471.9 195.9 551.2
007717201033045 0.039 60.4 640.0 127.9 703.1
007717201033045 0.038 153.4 394.5 228.9 460.4
007717201033045 0.036 134.5 381.4 205.7 449.8
007717201033045 0.036 108.3 392.8 188.0 506.8
007717201033045 0.036 68.8 569.3 139.8 638.3
007717201033045 0.036 261.9 705.2 332.5 776.8
007717201033045 0.036 203.6 453.4 258.3 530.5
007717201033045 0.035 362.4 618.7 413.9 694.0
007717201033045 0.035 252.3 422.1 308.7 507.7
007717201033045 0.034 129.1 419.1 196.8 480.8
007717201033045 0.034 209.1 421.4 265.0 504.2
007717201033045 0.034 109.7 543.2 183.8 617.2
007717201033045 0.034 99.4 587.8 178.6 716.3
007717201033045 0.033 51.5 581.2 116.5 653.1
007717201033045 0.033 224.5 484.4 295.3 616.2
007717201033045 0.032 160.7 439.9 238.6 499.6
007717201033045 0.032 310.4 436.6 357.5 531.2
007717201033045 0.032 325.7 648.4 387.7 718.7
007717201033045 0.031 266.7 455.0 314.5 551.6
007717201033045 0.031 107.6 668.2 182.9 729.2
007727901033152 0.047 332.0 730.0 375.7 854.0
007727901033152 0.044 217.0 745.2 280.0 839.6
007727901033152 0.041 301.4 729.8 338.6 851.3
007727901033152 0.040 50.9 684.3 102.6 782.6
007727901033152 0.038 265.9 771.8 337.1 844.5
007727901033152 0.037 22.7 676.0 58.7 813.6
007727901033152 0.036 246.1 471.6 301.1 566.9
007727901033152 0.036 26.0 697.0 84.9 780.2
007727901033152 0.035 205.3 692.7 253.5 795.7
007727901033152 0.035 235.9 695.0 280.6 813.6
007727901033152 0.035 71.4 483.4 139.8 559.4
007727901033152 0.034 193.3 515.1 268.3 584.7
007727901033152 0.032 197.8 790.2 291.8 851.3
007727901033152 0.032 339.2 739.3 395.4 821.5
007727901033152 0.031 333.7 461.0 377.0 582.1
007727901033152 0.031 251.0 589.3 326.7 651.0
007727901033152 0.031 189.2 548.7 253.8 632.5
007727901033152 0.031 228.9 689.7 308.9 758.6
007727901033152 0.031 260.0 516.6 332.5 586.2
007727901033152 0.030 41.0 481.0 102.2 560.1
007727901033152 0.030 216.8 445.0 301.1 508.6
007727901033152 0.030 71.4 724.7 128.0 815.0
007727901033152 0.030 73.1 559.3 137.7 626.6
007727901033152 0.029 48.5 505.8 98.0 610.9
007727901033152 0.029 25.8 738.7 83.0 828.6
007727901033152 0.029 42.7 552.8 93.6 654.4
007727901033152 0.028 174.4 731.7 217.5 834.3
007727901033152 0.028 72.7 584.2 146.3 650.5
007727901033152 0.028 56.8 540.9 119.7 611.5
007727901033152 0.027 214.1 486.4 291.7 557.6
007727901033152 0.027 318.6 726.5 353.5 858.9
007727901033152 0.027 104.1 534.0 160.5 623.2
007727901033152 0.027 233.8 573.7 313.1 638.0
007727901033152 0.027 135.7 760.7 221.9 830.5
007727901033152 0.026 101.5 512.4 177.0 582.4
007727901033152 0.026 80.5 831.7 173.2 894.6
007727901033152 0.026 72.3 528.1 138.4 598.1
007727901033152 0.026 330.9 493.7 398.8 565.6
007727901033152 0.026 328.8 782.7 387.9 862.3
007727901033152 0.026 227.4 515.2 304.0 585.3
007727901033152 0.026 29.0 569.8 79.4 668.4
007727901033152 0.025 185.5 819.8 282.7 878.9
007727901033152 0.025 256.9 546.0 335.2 611.0
007727901033152 0.025 144.9 485.8 219.6 555.6
007727901033152 0.024 268.7 469.8 338.3 543.6
007728501033158 0.067 254.8 406.8 321.8 474.5
007728501033158 0.061 165.8 469.1 237.9 536.5
007728501033158 0.059 176.9 656.5 216.5 758.6
007728501033158 0.058 258.2 419.9 313.4 513.6
007728501033158 0.054 193.3 457.6 270.6 526.0
007728501033158 0.047 58.7 588.1 109.1 678.4
007728501033158 0.044 119.0 418.7 192.8 481.8
007728501033158 0.043 146.4 691.1 227.4 757.2
007728501033158 0.039 184.1 520.9 266.6 578.8
007728501033158 0.039 246.7 614.5 321.7 691.3
007728501033158 0.037 90.1 664.0 152.0 746.0
007728501033158 0.037 169.0 429.3 241.6 501.3
007728501033158 0.037 57.4 513.9 102.3 612.4
007728501033158 0.037 299.5 655.4 336.2 777.6
007728501033158 0.035 271.1 688.3 338.2 763.7
007728501033158 0.035 55.2 652.9 120.2 721.7
007728501033158 0.035 85.2 500.8 147.0 570.9
007728501033158 0.035 181.5 459.5 220.4 574.0
007728501033158 0.034 164.5 502.6 238.0 565.9
007728501033158 0.034 211.5 504.2 289.7 571.4
007728501033158 0.034 140.0 442.5 210.4 510.6
007728501033158 0.033 187.9 486.6 265.2 553.8
007728501033158 0.033 231.9 392.3 307.3 457.8
007728501033158 0.031 322.7 540.2 382.4 610.5
007728501033158 0.031 266.2 641.2 327.1 719.8
007728501033158 0.031 47.9 412.4 112.5 486.4
007728501033158 0.031 240.2 625.1 281.0 743.5
007728501033158 0.031 95.2 414.6 148.8 503.8
007728501033158 0.031 154.5 491.0 208.1 577.2
007728501033158 0.030 124.4 505.3 194.3 569.9
007728501033158 0.030 203.3 442.6 285.8 566.4
007728501033158 0.030 266.4 547.5 340.8 612.7
007728501033158 0.029 190.7 748.6 277.7 807.8
007728501033158 0.029 225.2 419.5 301.5 488.3
007728501033158 0.029 138.4 672.4 215.8 737.5
007738401033257 0.037 623.3 582.2 729.8 678.7
007738401033257 0.029 636.6 542.1 761.3 616.9
007738401033257 0.028 787.7 678.1 871.9 806.3
007738401033257 0.023 637.5 467.5 712.6 578.0
007738401033257 0.023 583.4 547.7 694.0 625.4
007738401033257 0.022 331.2 404.0 398.1 540.1
007738401033257 0.022 584.4 608.8 683.8 708.5
007738401033257 0.020 612.0 512.2 704.7 616.7
007738401033257 0.020 160.8 510.6 247.3 622.0
007738401033257 0.020 133.9 553.3 236.1 627.4
007738401033257 0.019 591.9 446.9 704.3 515.8
007738401033257 0.018 801.8 600.5 882.9 729.5
007738401033257 0.018 582.5 476.4 690.7 545.9
007738401033257 0.018 643.0 567.1 770.4 644.3
007738401033257 0.018 325.1 364.8 382.8 501.3
007738401033257 0.018 541.5 372.8 628.3 480.5
007738401033257 0.018 539.1 563.6 642.9 642.0
007738401033257 0.017 762.2 734.0 897.5 801.5
007738401033257 0.017 660.4 501.4 751.8 596.3
007738401033257 0.017 285.8 782.6 409.0 863.5
007738401033257 0.017 504.3 508.6 594.5 589.3
007738401033257 0.017 516.5 410.9 614.6 487.9
007738401033257 0.017 230.8 754.2 359.5 820.7
007738401033257 0.016 302.4 715.2 373.8 842.9
007738401033257 0.016 482.6 731.4 609.8 806.5
007738401033257 0.016 337.5 677.3 396.8 824.9
007738401033257 0.016 668.2 719.8 760.6 830.7
007738401033257 0.016 512.1 456.5 591.0 568.4
007738401033257 0.016 812.4 467.8 928.5 541.1
007738401033257 0.016 772.2 620.4 898.3 696.6
007738401033257 0.015 609.0 698.0 704.5 804.8
007738401033257 0.015 654.0 436.9 726.0 555.0
007738401033257 0.015 611.0 558.9 689.6 670.1
007738401033257 0.015 265.4 405.9 332.5 529.8
007738401033257 0.015 633.7 660.8 744.9 757.0
007738401033257 0.015 123.1 512.9 206.2 618.5
007738401033257 0.015 838.0 593.7 927.7 700.2
007738401033257 0.015 829.1 700.1 938.0 779.6
007738401033257 0.015 809.0 423.2 905.7 519.9
007738401033257 0.015 660.6 788.3 815.5 854.8
007738401033257 0.014 571.0 581.6 666.6 680.2
007738401033257 0.014 756.1 651.9 842.6 776.2
007738401033257 0.014 568.9 453.6 638.0 581.7
007738401033257 0.014 298.7 403.0 360.1 553.5
007746001033333 0.059 308.1 555.7 381.7 651.2
007746001033333 0.059 283.9 595.9 377.6 665.5
007746001033333 0.038 149.9 550.8 223.7 623.7
007746001033333 0.033 276.9 493.8 350.9 597.6
007746001033333 0.033 180.4 596.0 271.1 671.7
007746001033333 0.032 292.4 525.1 385.2 597.0
007746001033333 0.031 297.6 622.1 398.1 691.2
007746001033333 0.031 343.9 471.4 397.5 577.4
007746001033333 0.030 326.8 579.3 399.1 678.4
007746001033333 0.030 125.4 533.6 198.1 609.2
007746001033333 0.029 277.4 450.7 346.3 552.4
007746001033333 0.028 323.5 530.8 397.5 618.8
007746001033333 0.028 227.9 428.8 307.8 504.2
007746001033333 0.027 303.1 519.2 360.6 636.2
007746001033333 0.026 90.3 516.6 156.5 600.8
007746001033333 0.026 318.6 472.6 376.6 582.0
007746001033333 0.025 98.1 648.5 186.2 718.8
007746001033333 0.024 340.9 512.6 446.7 578.4
007746001033333 0.024 196.4 647.5 284.9 719.1
007746001033333 0.023 449.3 732.5 536.6 806.1
007746001033333 0.022 153.0 619.8 247.1 688.8
007746001033333 0.022 276.6 553.4 353.1 651.5
007746001033333 0.021 526.7 505.3 581.1 639.1
007746001033333 0.021 -24.8 497.6 51.5 571.7
007746001033333 0.020 330.1 475.1 454.2 545.0
007746001033333 0.019 354.1 501.9 405.8 619.4
007746001033333 0.019 166.3 577.5 252.5 651.1
007746001033333 0.019 244.4 676.4 347.8 745.1
007755401033427 0.910 1589 713 1689 791
007755401033427 0.017 1410.1 399.5 1531.4 523.7
007755401033427 0.010 1384.8 815.7 1512.0 936.2
007764601033519 0.015 223.1 406.9 277.7 523.3
007764601033519 0.014 446.4 336.2 525.6 408.7
007764601033519 0.013 381.3 398.4 446.5 483.0
007764601033519 0.013 163.1 354.0 259.3 416.7
007764601033519 0.012 477.2 386.2 548.8 460.8
007764601033519 0.012 297.6 444.6 349.5 556.3
007764601033519 0.012 484.4 398.7 535.4 503.5
007764601033519 0.011 209.5 365.1 288.0 436.7
007764601033519 0.011 337.9 369.2 415.1 440.6
007764601033519 0.011 496.7 412.3 562.1 489.1
007764601033519 0.010 424.0 348.0 506.0 421.3
007768001033553 0.022 68.6 440.3 127.2 543.0
007768001033553 0.022 302.1 502.7 357.2 624.6
007768001033553 0.021 375.9 395.0 461.6 456.0
007768001033553 0.020 246.8 622.9 346.1 686.5
007768001033553 0.019 147.9 451.4 238.4 517.5
007768001033553 0.018 216.4 603.4 317.1 680.9
007768001033553 0.017 229.2 477.6 349.3 529.8
007768001033553 0.017 164.2 655.5 236.3 754.1
007768001033553 0.015 216.7 496.0 274.0 657.2
007768001033553 0.015 311.5 630.5 418.8 691.7
007768001033553 0.014 144.6 640.7 238.7 712.2
007768001033553 0.014 117.0 554.3 190.4 632.1
007768001033553 0.013 249.7 651.0 349.1 719.6
007768001033553 0.013 282.5 506.7 331.7 645.4
007768001033553 0.013 111.8 634.5 194.4 718.7
007768001033553 0.013 178.8 501.4 252.2 644.9
007768001033553 0.012 273.7 567.4 325.6 692.7
007768001033553 0.012 46.5 496.8 126.2 580.0
007768001033553 0.012 229.1 471.2 280.6 595.3
007768001033553 0.012 141.1 420.2 231.2 488.9
007768001033553 0.011 241.6 497.7 340.1 572.1
007768001033553 0.011 148.4 421.2 202.1 534.2
007768001033553 0.011 85.5 556.0 147.1 668.0
007768001033553 0.011 33.3 468.4 114.5 539.4
007768001033553 0.011 299.0 608.6 369.3 696.3
007768001033553 0.011 91.7 440.9 138.2 578.1
007768001033553 0.010 375.6 443.4 452.4 517.0
007768001033553 0.010 283.0 608.3 337.0 728.8
007768001033553 0.010 174.3 598.9 235.2 708.6
007779901033672 0.012 220.5 337.1 343.4 403.6
007779901033672 0.011 206.1 733.0 350.4 806.1
007779901033672 0.010 281.3 411.1 395.4 484.6
007779901033672 0.010 309.0 581.5 382.4 720.5
007779901033672 0.010 281.3 334.0 374.3 434.1
007782701033700 0.011 440.4 356.4 495.5 482.3
007814601029107 0.027 376.0 708.2 470.1 773.5
007814601029107 0.026 255.0 448.5 346.6 509.3
007814601029107 0.024 403.2 473.4 492.0 539.6
007814601029107 0.023 310.6 459.6 405.6 524.5
007814601029107 0.021 315.5 602.4 368.3 724.1
007814601029107 0.020 314.0 691.1 407.8 758.8
007814601029107 0.020 399.6 625.2 481.3 698.5
007814601029107 0.018 283.9 673.6 374.2 749.7
007814601029107 0.018 350.1 423.0 435.5 489.1
007814601029107 0.017 358.8 637.0 446.0 707.5
007814601029107 0.017 388.7 583.0 451.5 692.3
007814601029107 0.016 334.8 448.8 427.2 510.5
007814601029107 0.016 418.4 451.0 502.0 516.2
007814601029107 0.016 326.0 666.8 418.5 731.1
007814601029107 0.015 367.1 461.7 454.9 530.7
007814601029107 0.013 323.3 618.8 403.2 693.6
007814601029107 0.013 449.3 464.7 515.5 550.0
007814601029107 0.013 365.0 664.4 455.6 732.0
007814601029107 0.012 277.6 440.6 384.2 499.3
007814601029107 0.012 335.1 589.7 408.1 669.4
007814601029107 0.012 333.5 476.9 421.8 544.0
007814601029107 0.012 278.3 647.0 360.9 718.6
007814601029107 0.012 146.2 661.5 231.0 734.0
007814601029107 0.011 104.2 576.8 191.0 654.5
007814601029107 0.011 159.4 487.9 218.5 593.0
007814601029107 0.011 389.6 653.9 475.4 718.6
007814601029107 0.011 585.9 550.6 628.8 684.2
007814601029107 0.011 133.7 459.0 214.5 529.8
007814601029107 0.010 332.9 706.6 428.6 773.1
007814601029107 0.010 361.9 585.4 425.9 689.9
007814601029107 0.010 554.2 597.1 617.4 704.2
007814601029107 0.010 521.7 614.0 602.7 682.7
007832201029283 0.010 350.0 678.5 485.9 798.8
007832201029283 0.010 1503.1 735.4 1618.9 857.9
007832201029283 0.010 435.7 581.9 599.8 652.5
007832201029283 0.010 1522.2 567.5 1698.5 638.1
007832201029283 0.010 1558.0 783.5 1671.8 913.6
007841501029376 0.058 76.2 419.0 139.1 513.8
007841501029376 0.054 408.9 502.8 457.7 624.3
007841501029376 0.050 67.3 649.7 155.9 722.6
007841501029376 0.050 478.4 521.9 544.7 622.3
007841501029376 0.048 91.2 392.2 182.7 458.1
007841501029376 0.045 72.2 448.7 130.2 556.2
007841501029376 0.043 446.4 579.8 498.3 695.9
007841501029376 0.040 229.5 645.5 328.9 709.2
007841501029376 0.039 157.1 569.3 250.2 639.3
007841501029376 0.039 245.7 664.1 350.1 730.5
007841501029376 0.038 465.1 498.3 519.1 606.4
007841501029376 0.037 81.1 467.4 164.6 542.7
007841501029376 0.036 490.4 645.9 569.6 722.6
007841501029376 0.036 434.4 523.4 514.8 596.1
007841501029376 0.035 109.0 444.0 206.2 513.6
007841501029376 0.033 56.9 400.4 134.9 477.5
007841501029376 0.033 57.2 583.4 134.3 656.5
007841501029376 0.032 59.8 622.4 141.1 702.0
007841501029376 0.032 394.9 559.4 487.8 690.2
007841501029376 0.032 219.3 495.1 309.7 569.8
007841501029376 0.032 315.8 640.5 421.7 704.5
007841501029376 0.032 264.5 628.8 364.8 693.9
007841501029376 0.031 224.7 599.5 333.1 664.7
007841501029376 0.031 96.4 653.2 204.9 715.9
007841501029376 0.031 346.7 520.8 432.1 596.7
007841501029376 0.031 164.5 598.5 265.0 665.3
007841501029376 0.031 57.3 492.5 133.6 572.6
007841501029376 0.030 354.8 423.4 410.0 530.6
007841501029376 0.030 477.2 431.3 541.5 539.4
007841501029376 0.030 416.4 585.5 468.8 697.7
007841501029376 0.030 92.6 417.4 184.1 483.3
007841501029376 0.029 67.1 492.4 163.3 634.9
007841501029376 0.029 128.0 583.9 223.1 654.2
007841501029376 0.029 171.3 640.1 273.3 704.1
007841501029376 0.029 382.5 419.8 473.5 491.8
007841501029376 0.028 391.9 472.5 442.6 598.4
007841501029376 0.028 247.5 422.5 348.4 485.9
007841501029376 0.028 101.3 371.7 199.4 434.8
007841501029376 0.028 393.3 692.9 501.6 754.9
007841501029376 0.027 457.8 559.8 537.6 635.5
007841501029376 0.027 407.6 647.9 497.6 717.4
007841501029376 0.026 109.5 613.2 210.3 678.6
007841501029376 0.026 318.9 378.2 419.4 444.6
007870701029668 0.017 1091.0 828.4 1326.5 896.4
007870701029668 0.017 384.3 829.7 497.0 967.9
007870701029668 0.015 634.6 887.2 831.3 968.2
007870701029668 0.013 438.5 601.8 547.7 750.6
007870701029668 0.013 279.5 612.4 393.5 755.4
007870701029668 0.013 36.4 838.3 229.3 909.8
007870701029668 0.012 714.8 860.0 891.4 937.7
007870701029668 0.011 708.6 892.0 944.4 966.7
007870701029668 0.010 153.2 420.3 351.1 485.1
007886501029826 0.038 177.0 482.6 296.2 554.5
007886501029826 0.032 176.6 512.7 297.3 585.1
007886501029826 0.032 203.6 613.7 322.3 681.7
007886501029826 0.025 186.2 458.4 310.5 529.9
007886501029826 0.025 266.5 584.4 392.2 653.9
007886501029826 0.023 135.5 425.5 217.1 529.6
007886501029826 0.022 167.9 442.8 241.3 565.2
007886501029826 0.022 138.0 695.8 253.0 779.8
007886501029826 0.022 241.3 597.8 358.5 668.2
007886501029826 0.021 734.6 755.7 809.4 873.1
007886501029826 0.020 274.7 612.2 405.9 677.0
007886501029826 0.020 169.2 712.8 301.9 789.7
007886501029826 0.019 211.1 644.7 340.1 709.1
007886501029826 0.019 325.1 584.8 405.1 689.9
007886501029826 0.019 361.8 652.9 497.2 724.7
007886501029826 0.018 756.4 718.4 833.8 834.9
007886501029826 0.018 164.5 439.8 284.7 511.5
007886501029826 0.018 169.3 537.6 282.8 611.7
007886501029826 0.018 307.4 623.5 443.4 691.8
007886501029826 0.018 293.0 436.4 422.9 506.5
007886501029826 0.018 438.1 655.7 564.5 725.5
007886501029826 0.018 306.0 649.4 389.7 758.9
007886501029826 0.017 321.1 466.9 447.5 540.3
007886501029826 0.017 190.1 581.7 305.6 656.0
007886501029826 0.017 148.4 649.5 255.2 745.6
007886501029826 0.016 86.9 504.7 196.2 588.0
007886501029826 0.016 281.4 678.0 377.2 786.4
007886501029826 0.015 429.1 419.4 504.3 542.0
007886501029826 0.015 294.1 573.4 436.6 642.6
007886501029826 0.015 234.1 593.1 310.4 707.4
007886501029826 0.015 142.7 668.7 214.2 804.8
007886501029826 0.015 207.5 720.3 354.1 797.9
007886501029826 0.014 223.5 433.6 362.8 500.9
007886501029826 0.014 258.4 615.5 357.0 704.5
007886501029826 0.014 138.9 415.2 250.6 491.7
007886501029826 0.014 122.9 468.5 228.5 543.8
007886501029826 0.014 358.9 603.7 444.3 712.9
007886501029826 0.014 386.4 429.8 498.1 505.6
007886501029826 0.014 156.3 611.5 271.6 687.9
007886901029830 0.017 754.5 442.6 895.7 512.1
007886901029830 0.012 -94.2 643.6 69.2 727.1
007886901029830 0.011 301.6 418.5 404.9 536.3
007988301030844 0.013 1269.0 767.9 1371.0 881.5
007988301030844 0.012 772.8 418.4 877.1 531.0
007988301030844 0.011 724.4 820.2 812.0 968.4
007988301030844 0.011 277.4 335.1 418.6 400.9
007988301030844 0.011 664.6 401.6 742.3 544.1
008002701030988 0.055 235.5 419.2 313.9 491.2
008002701030988 0.053 207.7 728.6 295.9 805.1
008002701030988 0.047 357.4 647.0 466.0 714.8
008002701030988 0.046 355.3 470.2 450.5 545.8
008002701030988 0.043 416.1 582.4 514.9 653.8
008002701030988 0.040 390.7 322.5 494.4 387.0
008002701030988 0.039 433.9 353.4 526.8 427.8
008002701030988 0.038 167.5 337.5 267.4 401.6
008002701030988 0.036 575.9 539.0 663.3 609.8
008002701030988 0.035 420.3 385.0 479.3 502.4
008002701030988 0.035 111.7 586.2 187.9 672.7
008002701030988 0.035 263.9 432.4 351.7 503.8
008002701030988 0.034 210.7 335.3 312.0 398.2
008002701030988 0.034 292.1 600.0 349.8 727.9
008002701030988 0.034 517.7 538.7 608.9 611.6
008002701030988 0.034 378.2 330.5 458.1 408.6
008002701030988 0.033 358.8 381.3 450.5 448.1
008002701030988 0.033 317.3 633.5 401.2 738.2
008002701030988 0.033 579.1 567.1 663.9 639.9
008002701030988 0.032 234.6 454.9 319.6 527.4
008002701030988 0.032 242.8 727.1 326.4 803.8
008002701030988 0.031 266.9 388.6 340.2 473.4
008002701030988 0.030 560.0 488.8 656.7 559.8
008002701030988 0.030 391.3 436.0 491.6 513.9
008002701030988 0.029 578.3 608.0 666.8 683.7
008002701030988 0.029 194.4 352.4 293.8 418.8
008002701030988 0.029 409.8 623.7 494.5 717.7
008002701030988 0.028 331.3 366.8 428.5 429.6
008002701030988 0.028 466.6 333.9 545.5 426.3
008002701030988 0.027 209.2 379.9 303.2 448.8
008002701030988 0.027 300.8 619.1 399.9 693.4
008002701030988 0.027 314.1 336.9 423.3 395.6
008002701030988 0.027 400.6 509.7 485.5 604.6
008002701030988 0.026 389.0 472.1 492.7 541.2
008002701030988 0.026 601.6 496.1 656.5 606.9
008002701030988 0.026 277.6 382.4 376.6 449.4
008002701030988 0.026 262.4 455.5 352.8 537.6
008002701030988 0.025 247.3 559.3 334.8 637.8
008002701030988 0.025 554.0 485.8 608.9 591.0
008002701030988 0.025 399.3 353.1 491.1 424.6
008002701030988 0.025 266.4 335.4 377.1 397.4
008002701030988 0.025 359.5 498.0 454.2 573.2
008002701030988 0.025 196.9 755.1 290.9 835.2
008002701030988 0.025 428.0 391.1 515.2 475.2
008002701030988 0.025 320.1 473.5 408.5 555.7
008002701030988 0.024 148.2 493.7 237.0 571.0
008002701030988 0.024 172.0 369.1 261.5 437.4
008002701030988 0.024 248.8 589.4 346.5 665.5
008002701030988 0.024 50.8 646.5 139.0 723.9
008002701030988 0.024 441.4 594.4 541.5 668.9
008002701030988 0.024 335.5 666.0 447.1 737.4
008013601031097 0.013 1265.6 651.8 1364.3 783.3
008013601031097 0.012 376.9 326.4 480.2 458.2
008013601031097 0.012 1237.1 717.6 1405.0 789.6
